0.000676337
0.0013521
0.00202753
0.00270235
0.00337647
0.0040498
0.00472228
0.00539384
0.00606444
0.00673403
0.0074026
0.00807013
0.0087366
0.00940203
0.0100664
0.0107298
0.0113921
0.0120534
0.0127135
0.0133722
0.0140297
0.0146859
0.0153409
0.0159946
0.0166471
0.0172984
0.0179486
0.0185976
0.0192455
0.0198924
0.0205383
0.0211831
0.0218271
0.0224702
0.0231124
0.0237538
0.0243944
0.0250344
0.0256737
0.0263123
0.0269504
0.027588
0.028225
0.0288617
0.0294979
0.0301338
0.0307693
0.0314045
0.0320396
0.0326739
0.0333076
0.0339406
0.034573
0.0352048
0.0358361
0.0364668
0.0370971
0.0377269
0.0383564
0.0389855
0.0396142
0.0402427
0.0408708
0.0414988
0.0421266
0.0427541
0.0433813
0.0440079
0.0446339
0.0452595
0.0458846
0.0465093
0.0471335
0.0477574
0.048381
0.0490042
0.0496272
0.0502499
0.0508724
0.0514946
0.0521167
0.0527386
0.0533604
0.0539821
0.0546036
0.055225
0.0558464
0.0564674
0.057088
0.0577083
0.0583283
0.0589479
0.0595673
0.0601864
0.0608053
0.0614239
0.0620423
0.0626605
0.0632785
0.0638964
0.0645141
0.0651317
0.0657492
0.0663665
0.0669837
0.0676008
0.0682175
0.0688339
0.0694501
0.0700659
0.0706815
0.0712969
0.071912
0.0725268
0.0731415
0.0737559
0.0743702
0.0749843
0.0755981
0.0762118
0.0768253
0.0774387
0.0780519
0.0786649
0.0792778
0.0798904
0.0805028
0.0811149
0.0817267
0.0823382
0.0829495
0.0835605
0.0841713
0.0847819
0.0853922
0.0860023
0.0866122
0.0872218
0.0878313
0.0884405
0.0890496
0.0896584
0.090267
0.0908755
0.0914837
0.0920918
0.0926997
0.0933073
0.0939148
0.094522
0.095129
0.0957357
0.0963422
0.0969485
0.0975545
0.0981603
0.0987659
0.0993713
0.0999765
0.100581
0.101186
0.10179
0.102395
0.102998
0.103602
0.104205
0.104808
0.105411
0.106013
0.106615
0.107217
0.107819
0.10842
0.109021
0.109622
0.110222
0.110823
0.111423
0.112022
0.112622
0.113221
0.11382
0.114419
0.115017
0.115615
0.116213
0.116811
0.117409
0.118006
0.118603
0.1192
0.119796
0.120393
0.120989
0.121585
0.12218
0.122776
0.123371
0.123966
0.124561
0.125155
0.12575
0.126344
0.126938
0.127531
0.128125
0.128718
0.129311
0.129903
0.130496
0.131088
0.13168
0.132272
0.132863
0.133455
0.134046
0.134637
0.135228
0.135818
0.136408
0.136998
0.137588
0.138178
0.138767
0.139357
0.139946
0.140535
0.141124
0.141712
0.1423
0.142889
0.143477
0.144065
0.144652
0.14524
0.145827
0.146414
0.147001
0.147588
0.148174
0.14876
0.149347
0.149933
0.150518
0.151104
0.151689
0.152275
0.15286
0.153445
0.15403
0.154614
0.155199
0.155783
0.156367
0.156951
0.157535
0.158118
0.158702
0.159285
0.159868
0.160451
0.161034
0.161617
0.162199
0.162782
0.163364
0.163946
0.164528
0.16511
0.165691
0.166273
0.166854
0.167436
0.168017
0.168598
0.169178
0.169759
0.17034
0.17092
0.1715
0.172081
0.172661
0.17324
0.17382
0.1744
0.174979
0.175558
0.176138
0.176716
0.177295
0.177874
0.178453
0.179031
0.179609
0.180187
0.180765
0.181343
0.181921
0.182499
0.183076
0.183653
0.184231
0.184808
0.185385
0.185961
0.186538
0.187114
0.187691
0.188267
0.188843
0.189419
0.189995
0.190571
0.191147
0.191722
0.192298
0.192873
0.193448
0.194023
0.194598
0.195173
0.195748
0.196322
0.196897
0.197471
0.198046
0.19862
0.199194
0.199768
0.200342
0.200915
0.201489
0.202062
0.202636
0.203209
0.203782
0.204355
0.204928
0.205501
0.206074
0.206647
0.207219
0.207791
0.208364
0.208936
0.209508
0.21008
0.210652
0.211224
0.211795
0.212367
0.212939
0.21351
0.214081
0.214652
0.215224
0.215794
0.216365
0.216936
0.217507
0.218077
0.218648
0.219218
0.219789
0.220359
0.220929
0.221499
0.222069
0.222638
0.223208
0.223778
0.224347
0.224917
0.225486
0.226055
0.226624
0.227193
0.227762
0.228331
0.2289
0.229469
0.230037
0.230606
0.231174
0.231743
0.232311
0.232879
0.233447
0.234015
0.234583
0.235151
0.235718
0.236286
0.236854
0.237421
0.237988
0.238556
0.239123
0.23969
0.240257
0.240824
0.241391
0.241958
0.242525
0.243091
0.243658
0.244224
0.244791
0.245357
0.245923
0.24649
0.247056
0.247622
0.248188
0.248754
0.24932
0.249886
0.250451
0.251017
0.251583
0.252148
0.252714
0.253279
0.253844
0.25441
0.254975
0.25554
0.256105
0.25667
0.257235
0.2578
0.258365
0.258929
0.259494
0.260059
0.260623
0.261187
0.261752
0.262316
0.26288
0.263445
0.264009
0.264573
0.265137
0.265701
0.266264
0.266828
0.267392
0.267956
0.268519
0.269083
0.269646
0.27021
0.270773
0.271337
0.2719
0.272463
0.273026
0.273589
0.274152
0.274715
0.275278
0.275841
0.276404
0.276966
0.277529
0.278092
0.278654
0.279217
0.279779
0.280341
0.280904
0.281466
0.282028
0.282591
0.283153
0.283715
0.284277
0.284839
0.285401
0.285963
0.286525
0.287086
0.287648
0.28821
0.288771
0.289333
0.289895
0.290456
0.291017
0.291579
0.29214
0.292702
0.293263
0.293824
0.294385
0.294946
0.295508
0.296069
0.29663
0.297191
0.297752
0.298313
0.298873
0.299434
0.299995
0.300556
0.301117
0.301677
0.302238
0.302799
0.303359
0.30392
0.30448
0.305041
0.305601
0.306161
0.306722
0.307282
0.307842
0.308403
0.308963
0.309523
0.310083
0.310643
0.311203
0.311763
0.312323
0.312883
0.313443
0.314002
0.314562
0.315122
0.315681
0.316241
0.3168
0.317359
0.317918
0.318478
0.319037
0.319596
0.320155
0.320713
0.321272
0.321831
0.32239
0.322948
0.323507
0.324065
0.324623
0.325182
0.32574
0.326298
0.326856
0.327414
0.327972
0.32853
0.329088
0.329645
0.330203
0.330761
0.331318
0.331875
0.332433
0.33299
0.333547
0.334104
0.334662
0.335219
0.335775
0.336332
0.336889
0.337446
0.338003
0.338559
0.339116
0.339672
0.340229
0.340785
0.341341
0.341897
0.342453
0.343009
0.343565
0.344121
0.344677
0.345233
0.345789
0.346344
0.3469
0.347455
0.348011
0.348566
0.349122
0.349677
0.350232
0.350787
0.351342
0.351897
0.352452
0.353007
0.353562
0.354116
0.354671
0.355225
0.35578
0.356334
0.356889
0.357443
0.357997
0.358551
0.359105
0.359659
0.360213
0.360767
0.361321
0.361875
0.362428
0.362982
0.363535
0.364089
0.364642
0.365196
0.365749
0.366302
0.366855
0.367408
0.367961
0.368514
0.369067
0.36962
0.370172
0.370725
0.371278
0.37183
0.372383
0.372935
0.373488
0.37404
0.374592
0.375144
0.375696
0.376248
0.3768
0.377352
0.377904
0.378456
0.379007
0.379559
0.380111
0.380662
0.381213
0.381765
0.382316
0.382867
0.383419
0.38397
0.384521
0.385072
0.385623
0.386174
0.386724
0.387275
0.387826
0.388377
0.388927
0.389478
0.390028
0.390578
0.391129
0.391679
0.392229
0.392779
0.393329
0.393879
0.394429
0.394979
0.395529
0.396079
0.396629
0.397178
0.397728
0.398277
0.398827
0.399376
0.399926
0.400475
0.401024
0.401573
0.402122
0.402671
0.40322
0.403769
0.404318
0.404867
0.405416
0.405964
0.406513
0.407061
0.40761
0.408158
0.408707
0.409255
0.409803
0.410352
0.4109
0.411448
0.411996
0.412544
0.413092
0.41364
0.414187
0.414735
0.415283
0.41583
0.416378
0.416925
0.417473
0.41802
0.418568
0.419115
0.419662
0.420209
0.420756
0.421303
0.42185
0.422397
0.422944
0.423491
0.424038
0.424584
0.425131
0.425678
0.426224
0.426771
0.427317
0.427864
0.42841
0.428956
0.429502
0.430048
0.430595
0.431141
0.431687
0.432232
0.432778
0.433324
0.43387
0.434416
0.434961
0.435507
0.436052
0.436598
0.437143
0.437689
0.438234
0.438779
0.439325
0.43987
0.440415
0.44096
0.441505
0.44205
0.442595
0.44314
0.443685
0.444229
0.444774
0.445319
0.445863
0.446408
0.446952
0.447497
0.448041
0.448585
0.44913
0.449674
0.450218
0.450762
0.451306
0.45185
0.452394
0.452938
0.453482
0.454026
0.45457
0.455113
0.455657
0.456201
0.456744
0.457288
0.457831
0.458375
0.458918
0.459461
0.460005
0.460548
0.461091
0.461634
0.462177
0.46272
0.463263
0.463806
0.464349
0.464892
0.465435
0.465977
0.46652
0.467063
0.467605
0.468148
0.46869
0.469233
0.469775
0.470317
0.47086
0.471402
0.471944
0.472486
0.473028
0.47357
0.474112
0.474654
0.475196
0.475738
0.47628
0.476822
0.477364
0.477905
0.478447
0.478988
0.47953
0.480071
0.480613
0.481154
0.481696
0.482237
0.482778
0.483319
0.48386
0.484402
0.484943
0.485484
0.486025
0.486566
0.487106
0.487647
0.488188
0.488729
0.489269
0.48981
0.490351
0.490891
0.491432
0.491972
0.492513
0.493053
0.493593
0.494134
0.494674
0.495214
0.495754
0.496294
0.496834
0.497374
0.497914
0.498454
0.498994
0.499534
0.500074
0.500614
0.501153
0.501693
0.502233
0.502772
0.503312
0.503851
0.504391
0.50493
0.50547
0.506009
0.506548
0.507087
0.507627
0.508166
0.508705
0.509244
0.509783
0.510322
0.510861
0.5114
0.511939
0.512478
0.513016
0.513555
0.514094
0.514632
0.515171
0.51571
0.516248
0.516787
0.517325
0.517864
0.518402
0.51894
0.519479
0.520017
0.520555
0.521093
0.521632
0.52217
0.522708
0.523246
0.523784
0.524322
0.52486
0.525398
0.525935
0.526473
0.527011
0.527549
0.528086
0.528624
0.529162
0.529699
0.530237
0.530774
0.531312
0.531849
0.532387
0.532924
0.533461
0.533998
0.534536
0.535073
0.53561
0.536147
0.536684
0.537221
0.537758
0.538295
0.538832
0.539369
0.539906
0.540443
0.54098
0.541516
0.542053
0.54259
0.543126
0.543663
0.5442
0.544736
0.545273
0.545809
0.546345
0.546882
0.547418
0.547955
0.548491
0.549027
0.549563
0.550099
0.550636
0.551172
0.551708
0.552244
0.55278
0.553316
0.553852
0.554388
0.554924
0.55546
0.555995
0.556531
0.557067
0.557603
0.558138
0.558674
0.55921
0.559745
0.560281
0.560816
0.561352
0.561887
0.562423
0.562958
0.563493
0.564029
0.564564
0.565099
0.565635
0.56617
0.566705
0.56724
0.567775
0.56831
0.568845
0.56938
0.569915
0.57045
0.570985
0.57152
0.572055
0.57259
0.573125
0.573659
0.574194
0.574729
0.575263
0.575798
0.576333
0.576867
0.577402
0.577936
0.578471
0.579005
0.57954
0.580074
0.580609
0.581143
0.581677
0.582211
0.582746
0.58328
0.583814
0.584348
0.584882
0.585417
0.585951
0.586485
0.587019
0.587553
0.588087
0.588621
0.589155
0.589689
0.590222
0.590756
0.59129
0.591824
0.592358
0.592891
0.593425
0.593959
0.594492
0.595026
0.59556
0.596093
0.596627
0.59716
0.597694
0.598227
0.598761
0.599294
0.599828
0.600361
0.600894
0.601428
0.601961
0.602494
0.603028
0.603561
0.604094
0.604627
0.60516
0.605693
0.606227
0.60676
0.607293
0.607826
0.608359
0.608892
0.609425
0.609958
0.610491
0.611024
0.611557
0.612089
0.612622
0.613155
0.613688
0.614221
0.614753
0.615286
0.615819
0.616351
0.616884
0.617417
0.617949
0.618482
0.619015
0.619547
0.62008
0.620612
0.621145
0.621677
0.622209
0.622742
0.623274
0.623807
0.624339
0.624871
0.625404
0.625936
0.626468
0.627001
0.627533
0.628065
0.628597
0.629129
0.629662
0.630194
0.630726
0.631258
0.63179
0.632322
0.632854
0.633386
0.633918
0.63445
0.634982
0.635514
0.636046
0.636578
0.63711
0.637642
0.638174
0.638706
0.639237
0.639769
0.640301
0.640833
0.641365
0.641896
0.642428
0.64296
0.643492
0.644023
0.644555
0.645087
0.645618
0.64615
0.646681
0.647213
0.647745
0.648276
0.648808
0.649339
0.649871
0.650402
0.650934
0.651465
0.651997
0.652528
0.65306
0.653591
0.654122
0.654654
0.655185
0.655716
0.656248
0.656779
0.65731
0.657842
0.658373
0.658904
0.659435
0.659967
0.660498
0.661029
0.66156
0.662091
0.662623
0.663154
0.663685
0.664216
0.664747
0.665278
0.665809
0.66634
0.666871
0.667403
0.667934
0.668465
0.668996
0.669527
0.670058
0.670589
0.67112
0.671651
0.672181
0.672712
0.673243
0.673774
0.674305
0.674836
0.675367
0.675898
0.676429
0.67696
0.67749
0.678021
0.678552
0.679083
0.679614
0.680145
0.680675
0.681206
0.681737
0.682268
0.682798
0.683329
0.68386
0.684391
0.684921
0.685452
0.685983
0.686513
0.687044
0.687575
0.688105
0.688636
0.689167
0.689697
0.690228
0.690758
0.691289
0.69182
0.69235
0.692881
0.693411
0.693942
0.694472
0.695003
0.695533
0.696064
0.696594
0.697125
0.697655
0.698186
0.698716
0.699247
0.699777
0.700308
0.700838
0.701369
0.701899
0.70243
0.70296
0.70349
0.704021
0.704551
0.705082
0.705612
0.706142
0.706673
0.707203
0.707734
0.708264
0.708794
0.709325
0.709855
0.710385
0.710916
0.711446
0.711977
0.712507
0.713037
0.713568
0.714098
0.714628
0.715159
0.715689
0.716219
0.716749
0.71728
0.71781
0.71834
0.718871
0.719401
0.719931
0.720461
0.720992
0.721522
0.722052
0.722582
0.723113
0.723643
0.724173
0.724703
0.725234
0.725764
0.726294
0.726824
0.727354
0.727885
0.728415
0.728945
0.729475
0.730005
0.730536
0.731066
0.731596
0.732126
0.732656
0.733186
0.733717
0.734247
0.734777
0.735307
0.735837
0.736367
0.736897
0.737428
0.737958
0.738488
0.739018
0.739548
0.740078
0.740608
0.741139
0.741669
0.742199
0.742729
0.743259
0.743789
0.744319
0.744849
0.74538
0.74591
0.74644
0.74697
0.7475
0.74803
0.74856
0.74909
0.74962
0.750151
0.750681
0.751211
0.751741
0.752271
0.752801
0.753331
0.753861
0.754391
0.754922
0.755452
0.755982
0.756512
0.757042
0.757572
0.758102
0.758632
0.759162
0.759693
0.760223
0.760753
0.761283
0.761813
0.762343
0.762873
0.763403
0.763933
0.764463
0.764994
0.765524
0.766054
0.766584
0.767114
0.767644
0.768174
0.768704
0.769234
0.769764
0.770295
0.770825
0.771355
0.771885
0.772415
0.772945
0.773475
0.774005
0.774535
0.775065
0.775596
0.776126
0.776656
0.777186
0.777716
0.778246
0.778776
0.779306
0.779836
0.780367
0.780897
0.781427
0.781957
0.782487
0.783017
0.783547
0.784078
0.784608
0.785138
0.785668
0.786198
0.786728
0.787259
0.787789
0.788319
0.788849
0.789379
0.789909
0.79044
0.79097
0.7915
0.79203
0.79256
0.793091
0.793621
0.794151
0.794681
0.795211
0.795742
0.796272
0.796802
0.797332
0.797863
0.798393
0.798923
0.799453
0.799984
0.800514
0.801044
0.801574
0.802105
0.802635
0.803165
0.803695
0.804226
0.804756
0.805286
0.805817
0.806347
0.806877
0.807407
0.807938
0.808468
0.808998
0.809529
0.810059
0.810589
0.81112
0.81165
0.81218
0.812711
0.813241
0.813771
0.814302
0.814832
0.815362
0.815893
0.816423
0.816953
0.817484
0.818014
0.818544
0.819075
0.819605
0.820136
0.820666
0.821196
0.821727
0.822257
0.822788
0.823318
0.823848
0.824379
0.824909
0.82544
0.82597
0.8265
0.827031
0.827561
0.828092
0.828622
0.829153
0.829683
0.830214
0.830744
0.831275
0.831805
0.832336
0.832866
0.833397
0.833927
0.834458
0.834988
0.835519
0.836049
0.83658
0.83711
0.837641
0.838171
0.838702
0.839232
0.839763
0.840294
0.840824
0.841355
0.841885
0.842416
0.842946
0.843477
0.844008
0.844538
0.845069
0.845599
0.84613
0.846661
0.847191
0.847722
0.848253
0.848783
0.849314
0.849845
0.850375
0.850906
0.851437
0.851967
0.852498
0.853029
0.85356
0.85409
0.854621
0.855152
0.855682
0.856213
0.856744
0.857275
0.857806
0.858336
0.858867
0.859398
0.859929
0.860459
0.86099
0.861521
0.862052
0.862583
0.863113
0.863644
0.864175
0.864706
0.865237
0.865768
0.866298
0.866829
0.86736
0.867891
0.868422
0.868953
0.869484
0.870015
0.870545
0.871076
0.871607
0.872138
0.872669
0.8732
0.873731
0.874262
0.874793
0.875324
0.875855
0.876386
0.876917
0.877448
0.877979
0.87851
0.879041
0.879572
0.880103
0.880634
0.881165
0.881696
0.882227
0.882758
0.883289
0.88382
0.884351
0.884882
0.885413
0.885944
0.886475
0.887006
0.887537
0.888068
0.8886
0.889131
0.889662
0.890193
0.890724
0.891255
0.891786
0.892317
0.892849
0.89338
0.893911
0.894442
0.894973
0.895505
0.896036
0.896567
0.897098
0.897629
0.898161
0.898692
0.899223
0.899754
0.900286
0.900817
0.901348
0.90188
0.902411
0.902942
0.903473
0.904005
0.904536
0.905067
0.905599
0.90613
0.906662
0.907193
0.907724
0.908256
0.908787
0.909318
0.90985
0.910381
0.910913
0.911444
0.911975
0.912507
0.913038
0.91357
0.914101
0.914633
0.915164
0.915696
0.916227
0.916759
0.91729
0.917822
0.918353
0.918885
0.919416
0.919948
0.920479
0.921011
0.921542
0.922074
0.922606
0.923137
0.923669
0.9242
0.924732
0.925263
0.925795
0.926327
0.926858
0.92739
0.927922
0.928453
0.928985
0.929517
0.930048
0.93058
0.931112
0.931643
0.932175
0.932707
0.933238
0.93377
0.934302
0.934833
0.935365
0.935897
0.936429
0.93696
0.937492
0.938024
0.938556
0.939087
0.939619
0.940151
0.940683
0.941214
0.941746
0.942278
0.94281
0.943342
0.943873
0.944405
0.944937
0.945469
0.946001
0.946532
0.947064
0.947596
0.948128
0.94866
0.949192
0.949723
0.950255
0.950787
0.951319
0.951851
0.952383
0.952914
0.953446
0.953978
0.95451
0.955042
0.955574
0.956105
0.956637
0.957169
0.957701
0.958233
0.958765
0.959297
0.959828
0.96036
0.960892
0.961424
0.961956
0.962488
0.96302
0.963552
0.964083
0.964615
0.965147
0.965679
0.966211
0.966743
0.967275
0.967807
0.968339
0.96887
0.969402
0.969934
0.970466
0.970998
0.97153
0.972062
0.972594
0.973126
0.973658
0.974189
0.974721
0.975253
0.975785
0.976317
0.976849
0.977381
0.977913
0.978445
0.978977
0.979509
0.98004
0.980572
0.981104
0.981636
0.982168
0.9827
0.983232
0.983764
0.984296
0.984828
0.98536
0.985892
0.986423
0.986955
0.987487
0.988019
0.988551
0.989083
0.989615
0.990147
0.990679
0.991211
0.991743
0.992274
0.992806
0.993338
0.99387
0.994402
0.994934
0.995466
0.995998
0.99653
0.997062
0.997593
0.998125
0.998657
0.999189
0.999721
1.00025
1.00078
1.00132
1.00185
1.00238
1.00291
1.00344
1.00398
1.00451
1.00504
1.00557
1.0061
1.00664
1.00717
1.0077
1.00823
1.00876
1.00929
1.00983
1.01036
1.01089
1.01142
1.01195
1.01249
1.01302
1.01355
1.01408
1.01461
1.01515
1.01568
1.01621
1.01674
1.01727
1.0178
1.01834
1.01887
1.0194
1.01993
1.02046
1.02099
1.02153
1.02206
1.02259
1.02312
1.02365
1.02419
1.02472
1.02525
1.02578
1.02631
1.02684
1.02738
1.02791
1.02844
1.02897
1.0295
1.03003
1.03057
1.0311
1.03163
1.03216
1.03269
1.03322
1.03376
1.03429
1.03482
1.03535
1.03588
1.03641
1.03695
1.03748
1.03801
1.03854
1.03907
1.0396
1.04013
1.04067
1.0412
1.04173
1.04226
1.04279
1.04332
1.04385
1.04439
1.04492
1.04545
1.04598
1.04651
1.04704
1.04757
1.04811
1.04864
1.04917
1.0497
1.05023
1.05076
1.05129
1.05183
1.05236
1.05289
1.05342
1.05395
1.05448
1.05501
1.05554
1.05607
1.05661
1.05714
1.05767
1.0582
1.05873
1.05926
1.05979
1.06032
1.06085
1.06138
1.06192
1.06245
1.06298
1.06351
1.06404
1.06457
1.0651
1.06563
1.06616
1.06669
1.06722
1.06776
1.06829
1.06882
1.06935
1.06988
1.07041
1.07094
1.07147
1.072
1.07253
1.07306
1.07359
1.07412
1.07465
1.07518
1.07571
1.07624
1.07677
1.07731
1.07784
1.07837
1.0789
1.07943
1.07996
1.08049
1.08102
1.08155
1.08208
1.08261
1.08314
1.08367
1.0842
1.08473
1.08526
1.08579
1.08632
1.08685
1.08738
1.08791
1.08844
1.08897
1.0895
1.09003
1.09056
1.09109
1.09161
1.09214
1.09267
1.0932
1.09373
1.09426
1.09479
1.09532
1.09585
1.09638
1.09691
1.09744
1.09797
1.0985
1.09903
1.09956
1.10008
1.10061
1.10114
1.10167
1.1022
1.10273
1.10326
1.10379
1.10432
1.10484
1.10537
1.1059
1.10643
1.10696
1.10749
1.10802
1.10854
1.10907
1.1096
1.11013
1.11066
1.11119
1.11171
1.11224
1.11277
1.1133
1.11383
1.11435
1.11488
1.11541
1.11594
1.11647
1.11699
1.11752
1.11805
1.11858
1.1191
1.11963
1.12016
1.12069
1.12121
1.12174
1.12227
1.1228
1.12332
1.12385
1.12438
1.1249
1.12543
1.12596
1.12649
1.12701
1.12754
1.12807
1.12859
1.12912
1.12965
1.13017
1.1307
1.13122
1.13175
1.13228
1.1328
1.13333
1.13386
1.13438
1.13491
1.13543
1.13596
1.13649
1.13701
1.13754
1.13806
1.13859
1.13911
1.13964
1.14017
1.14069
1.14122
1.14174
1.14227
1.14279
1.14332
1.14384
1.14437
1.14489
1.14542
1.14594
1.14647
1.14699
1.14752
1.14804
1.14856
1.14909
1.14961
1.15014
1.15066
1.15119
1.15171
1.15223
1.15276
1.15328
1.15381
1.15433
1.15485
1.15538
1.1559
1.15642
1.15695
1.15747
1.15799
1.15852
1.15904
1.15956
1.16009
1.16061
1.16113
1.16165
1.16218
1.1627
1.16322
1.16375
1.16427
1.16479
1.16531
1.16583
1.16636
1.16688
1.1674
1.16792
1.16844
1.16897
1.16949
1.17001
1.17053
1.17105
1.17157
1.1721
1.17262
1.17314
1.17366
1.17418
1.1747
1.17522
1.17574
1.17626
1.17678
1.17731
1.17783
1.17835
1.17887
1.17939
1.17991
1.18043
1.18095
1.18147
1.18199
1.18251
1.18303
1.18355
1.18407
1.18459
1.18511
1.18562
1.18614
1.18666
1.18718
1.1877
1.18822
1.18874
1.18926
1.18978
1.1903
1.19081
1.19133
1.19185
1.19237
1.19289
1.19341
1.19392
1.19444
1.19496
1.19548
1.19599
1.19651
1.19703
1.19755
1.19806
1.19858
1.1991
1.19962
1.20013
1.20065
1.20117
1.20168
1.2022
1.20272
1.20323
1.20375
1.20427
1.20478
1.2053
1.20581
1.20633
1.20685
1.20736
1.20788
1.20839
1.20891
1.20942
1.20994
1.21045
1.21097
1.21148
1.212
1.21251
1.21303
1.21354
1.21406
1.21457
1.21509
1.2156
1.21612
1.21663
1.21714
1.21766
1.21817
1.21869
1.2192
1.21971
1.22023
1.22074
1.22125
1.22177
1.22228
1.22279
1.22331
1.22382
1.22433
1.22485
1.22536
1.22587
1.22638
1.2269
1.22741
1.22792
1.22843
1.22894
1.22946
1.22997
1.23048
1.23099
1.2315
1.23201
1.23253
1.23304
1.23355
1.23406
1.23457
1.23508
1.23559
1.2361
1.23661
1.23712
1.23763
1.23814
1.23865
1.23916
1.23967
1.24018
1.24069
1.2412
1.24171
1.24222
1.24273
1.24324
1.24375
1.24426
1.24477
1.24528
1.24579
1.2463
1.24681
1.24732
1.24782
1.24833
1.24884
1.24935
1.24986
1.25037
1.25087
1.25138
1.25189
1.2524
1.25291
1.25341
1.25392
1.25443
1.25494
1.25544
1.25595
1.25646
1.25696
1.25747
1.25798
1.25849
1.25899
1.2595
1.26001
1.26051
1.26102
1.26152
1.26203
1.26254
1.26304
1.26355
1.26405
1.26456
1.26507
1.26557
1.26608
1.26658
1.26709
1.26759
1.2681
1.2686
1.26911
1.26961
1.27012
1.27062
1.27113
1.27163
1.27214
1.27264
1.27315
1.27365
1.27416
1.27466
1.27516
1.27567
1.27617
1.27668
1.27718
1.27768
1.27819
1.27869
1.27919
1.2797
1.2802
1.2807
1.28121
1.28171
1.28221
1.28272
1.28322
1.28372
1.28423
1.28473
1.28523
1.28573
1.28624
1.28674
1.28724
1.28774
1.28825
1.28875
1.28925
1.28975
1.29025
1.29076
1.29126
1.29176
1.29226
1.29276
1.29326
1.29377
1.29427
1.29477
1.29527
1.29577
1.29627
1.29677
1.29727
1.29778
1.29828
1.29878
1.29928
1.29978
1.30028
1.30078
1.30128
1.30178
1.30228
1.30278
1.30328
1.30378
1.30428
1.30478
1.30528
1.30578
1.30628
1.30678
1.30728
1.30778
1.30828
1.30878
1.30928
1.30978
1.31028
1.31078
1.31128
1.31178
1.31228
1.31278
1.31328
1.31378
1.31428
1.31478
1.31528
1.31578
1.31627
1.31677
1.31727
1.31777
1.31827
1.31877
1.31927
1.31977
1.32027
1.32076
1.32126
1.32176
1.32226
1.32276
1.32326
1.32375
1.32425
1.32475
1.32525
1.32575
1.32625
1.32674
1.32724
1.32774
1.32824
1.32874
1.32923
1.32973
1.33023
1.33073
1.33123
1.33172
1.33222
1.33272
1.33322
1.33371
1.33421
1.33471
1.33521
1.3357
1.3362
1.3367
1.3372
1.33769
1.33819
1.33869
1.33919
1.33968
1.34018
1.34068
1.34117
1.34167
1.34217
1.34267
1.34316
1.34366
1.34416
1.34465
1.34515
1.34565
1.34614
1.34664
1.34714
1.34763
1.34813
1.34863
1.34912
1.34962
1.35012
1.35061
1.35111
1.35161
1.3521
1.3526
1.35309
1.35359
1.35409
1.35458
1.35508
1.35558
1.35607
1.35657
1.35706
1.35756
1.35806
1.35855
1.35905
1.35954
1.36004
1.36054
1.36103
1.36153
1.36202
1.36252
1.36302
1.36351
1.36401
1.3645
1.365
1.36549
1.36599
1.36649
1.36698
1.36748
1.36797
1.36847
1.36896
1.36946
1.36996
1.37045
1.37095
1.37144
1.37194
1.37243
1.37293
1.37342
1.37392
1.37442
1.37491
1.37541
1.3759
1.3764
1.37689
1.37739
1.37788
1.37838
1.37887
1.37937
1.37986
1.38036
1.38086
1.38135
1.38185
1.38234
1.38284
1.38333
1.38383
1.38432
1.38482
1.38531
1.38581
1.3863
1.3868
1.38729
1.38779
1.38828
1.38878
1.38927
1.38977
1.39026
1.39076
1.39125
1.39175
1.39224
1.39274
1.39323
1.39373
1.39422
1.39472
1.39521
1.39571
1.3962
1.3967
1.39719
1.39769
1.39818
1.39868
1.39917
1.39967
1.40016
1.40066
1.40115
1.40165
1.40214
1.40264
1.40313
1.40363
1.40412
1.40462
1.40511
1.40561
1.4061
1.4066
1.40709
1.40759
1.40808
1.40857
1.40907
1.40956
1.41006
1.41055
1.41105
1.41154
1.41204
1.41253
1.41303
1.41352
1.41402
1.41451
1.41501
1.4155
1.416
1.41649
1.41699
1.41748
1.41798
1.41847
1.41897
1.41946
1.41995
1.42045
1.42094
1.42144
1.42193
1.42243
1.42292
1.42342
1.42391
1.42441
1.4249
1.4254
1.42589
1.42639
1.42688
1.42738
1.42787
1.42837
1.42886
1.42935
1.42985
1.43034
1.43084
1.43133
1.43183
1.43232
1.43282
1.43331
1.43381
1.4343
1.4348
1.43529
1.43579
1.43628
1.43678
1.43727
1.43777
1.43826
1.43876
1.43925
1.43974
1.44024
1.44073
1.44123
1.44172
1.44222
1.44271
1.44321
1.4437
1.4442
1.44469
1.44519
1.44568
1.44618
1.44667
1.44717
1.44766
1.44816
1.44865
1.44915
1.44964
1.45014
1.45063
1.45112
1.45162
1.45211
1.45261
1.4531
1.4536
1.45409
1.45459
1.45508
1.45558
1.45607
1.45657
1.45706
1.45756
1.45805
1.45855
1.45904
1.45954
1.46003
1.46053
1.46102
1.46152
1.46201
1.46251
1.463
1.4635
1.46399
1.46449
1.46498
1.46548
1.46597
1.46647
1.46696
1.46746
1.46795
1.46845
1.46894
1.46943
1.46993
1.47042
1.47092
1.47141
1.47191
1.4724
1.4729
1.47339
1.47389
1.47438
1.47488
1.47537
1.47587
1.47636
1.47686
1.47735
1.47785
1.47834
1.47884
1.47933
1.47983
1.48032
1.48082
1.48131
1.48181
1.48231
1.4828
1.4833
1.48379
1.48429
1.48478
1.48528
1.48577
1.48627
1.48676
1.48726
1.48775
1.48825
1.48874
1.48924
1.48973
1.49023
1.49072
1.49122
1.49171
1.49221
1.4927
1.4932
1.49369
1.49419
1.49468
1.49518
1.49568
1.49617
1.49667
1.49716
1.49766
1.49815
1.49865
1.49914
1.49964
1.50013
1.50063
1.50112
1.50162
1.50212
1.50261
1.50311
1.5036
1.5041
1.50459
1.50509
1.50558
1.50608
1.50658
1.50707
1.50757
1.50806
1.50856
1.50905
1.50955
1.51004
1.51054
1.51104
1.51153
1.51203
1.51252
1.51302
1.51351
1.51401
1.51451
1.515
1.5155
1.51599
1.51649
1.51698
1.51748
1.51798
1.51847
1.51897
1.51946
1.51996
1.52046
1.52095
1.52145
1.52194
1.52244
1.52294
1.52343
1.52393
1.52442
1.52492
1.52542
1.52591
1.52641
1.5269
1.5274
1.5279
1.52839
1.52889
1.52938
1.52988
1.53038
1.53087
1.53137
1.53187
1.53236
1.53286
1.53335
1.53385
1.53435
1.53484
1.53534
1.53584
1.53633
1.53683
1.53732
1.53782
1.53832
1.53881
1.53931
1.53981
1.5403
1.5408
1.5413
1.54179
1.54229
1.54279
1.54328
1.54378
1.54428
1.54477
1.54527
1.54577
1.54626
1.54676
1.54726
1.54775
1.54825
1.54875
1.54924
1.54974
1.55024
1.55073
1.55123
1.55173
1.55222
1.55272
1.55322
1.55371
1.55421
1.55471
1.5552
1.5557
1.5562
1.5567
1.55719
1.55769
1.55819
1.55868
1.55918
1.55968
1.56018
1.56067
1.56117
1.56167
1.56216
1.56266
1.56316
1.56366
1.56415
1.56465
1.56515
1.56565
1.56614
1.56664
1.56714
1.56764
1.56813
1.56863
1.56913
1.56963
1.57012
1.57062
1.57112
1.57162
1.57211
1.57261
1.57311
1.57361
1.57411
1.5746
1.5751
1.5756
1.5761
1.57659
1.57709
1.57759
1.57809
1.57859
1.57908
1.57958
1.58008
1.58058
1.58108
1.58158
1.58207
1.58257
1.58307
1.58357
1.58407
1.58456
1.58506
1.58556
1.58606
1.58656
1.58706
1.58756
1.58805
1.58855
1.58905
1.58955
1.59005
1.59055
1.59105
1.59154
1.59204
1.59254
1.59304
1.59354
1.59404
1.59454
1.59504
1.59554
1.59603
1.59653
1.59703
1.59753
1.59803
1.59853
1.59903
1.59953
1.60003
1.60053
1.60103
1.60153
1.60202
1.60252
1.60302
1.60352
1.60402
1.60452
1.60502
1.60552
1.60602
1.60652
1.60702
1.60752
1.60802
1.60852
1.60902
1.60952
1.61002
1.61052
1.61102
1.61152
1.61202
1.61252
1.61302
1.61352
1.61402
1.61452
1.61502
1.61552
1.61602
1.61652
1.61702
1.61752
1.61802
1.61852
1.61902
1.61952
1.62002
1.62053
1.62103
1.62153
1.62203
1.62253
1.62303
1.62353
1.62403
1.62453
1.62503
1.62553
1.62603
1.62654
1.62704
1.62754
1.62804
1.62854
1.62904
1.62954
1.63004
1.63055
1.63105
1.63155
1.63205
1.63255
1.63305
1.63355
1.63406
1.63456
1.63506
1.63556
1.63606
1.63656
1.63707
1.63757
1.63807
1.63857
1.63907
1.63958
1.64008
1.64058
1.64108
1.64158
1.64209
1.64259
1.64309
1.64359
1.6441
1.6446
1.6451
1.6456
1.64611
1.64661
1.64711
1.64761
1.64812
1.64862
1.64912
1.64962
1.65013
1.65063
1.65113
1.65164
1.65214
1.65264
1.65314
1.65365
1.65415
1.65465
1.65516
1.65566
1.65616
1.65667
1.65717
1.65767
1.65818
1.65868
1.65918
1.65969
1.66019
1.6607
1.6612
1.6617
1.66221
1.66271
1.66321
1.66372
1.66422
1.66473
1.66523
1.66574
1.66624
1.66674
1.66725
1.66775
1.66826
1.66876
1.66927
1.66977
1.67027
1.67078
1.67128
1.67179
1.67229
1.6728
1.6733
1.67381
1.67431
1.67482
1.67532
1.67583
1.67633
1.67684
1.67734
1.67785
1.67835
1.67886
1.67936
1.67987
1.68037
1.68088
1.68139
1.68189
1.6824
1.6829
1.68341
1.68391
1.68442
1.68492
1.68543
1.68594
1.68644
1.68695
1.68745
1.68796
1.68847
1.68897
1.68948
1.68999
1.69049
1.691
1.6915
1.69201
1.69252
1.69302
1.69353
1.69404
1.69454
1.69505
1.69556
1.69606
1.69657
1.69708
1.69758
1.69809
1.6986
1.69911
1.69961
1.70012
1.70063
1.70113
1.70164
1.70215
1.70266
1.70316
1.70367
1.70418
1.70469
1.70519
1.7057
1.70621
1.70672
1.70722
1.70773
1.70824
1.70875
1.70925
1.70976
1.71027
1.71078
1.71129
1.71179
1.7123
1.71281
1.71332
1.71383
1.71433
1.71484
1.71535
1.71586
1.71637
1.71688
1.71738
1.71789
1.7184
1.71891
1.71942
1.71993
1.72044
1.72094
1.72145
1.72196
1.72247
1.72298
1.72349
1.724
1.72451
1.72501
1.72552
1.72603
1.72654
1.72705
1.72756
1.72807
1.72858
1.72909
1.7296
1.73011
1.73062
1.73113
1.73163
1.73214
1.73265
1.73316
1.73367
1.73418
1.73469
1.7352
1.73571
1.73622
1.73673
1.73724
1.73775
1.73826
1.73877
1.73928
1.73979
1.7403
1.74081
1.74132
1.74183
1.74234
1.74285
1.74336
1.74387
1.74439
1.7449
1.74541
1.74592
1.74643
1.74694
1.74745
1.74796
1.74847
1.74898
1.74949
1.75
1.75051
1.75103
1.75154
1.75205
1.75256
1.75307
1.75358
1.75409
1.7546
1.75512
1.75563
1.75614
1.75665
1.75716
1.75767
1.75818
1.7587
1.75921
1.75972
1.76023
1.76074
1.76125
1.76177
1.76228
1.76279
1.7633
1.76381
1.76433
1.76484
1.76535
1.76586
1.76638
1.76689
1.7674
1.76791
1.76843
1.76894
1.76945
1.76996
1.77048
1.77099
1.7715
1.77201
1.77253
1.77304
1.77355
1.77407
1.77458
1.77509
1.77561
1.77612
1.77663
1.77714
1.77766
1.77817
1.77868
1.7792
1.77971
1.78023
1.78074
1.78125
1.78177
1.78228
1.78279
1.78331
1.78382
1.78434
1.78485
1.78536
1.78588
1.78639
1.78691
1.78742
1.78793
1.78845
1.78896
1.78948
1.78999
1.79051
1.79102
1.79153
1.79205
1.79256
1.79308
1.79359
1.79411
1.79462
1.79514
1.79565
1.79617
1.79668
1.7972
1.79771
1.79823
1.79874
1.79926
1.79977
1.80029
1.8008
1.80132
1.80183
1.80235
1.80287
1.80338
1.8039
1.80441
1.80493
1.80544
1.80596
1.80648
1.80699
1.80751
1.80802
1.80854
1.80906
1.80957
1.81009
1.81061
1.81112
1.81164
1.81215
1.81267
1.81319
1.8137
1.81422
1.81474
1.81525
1.81577
1.81629
1.8168
1.81732
1.81784
1.81836
1.81887
1.81939
1.81991
1.82042
1.82094
1.82146
1.82198
1.82249
1.82301
1.82353
1.82405
1.82456
1.82508
1.8256
1.82612
1.82663
1.82715
1.82767
1.82819
1.82871
1.82922
1.82974
1.83026
1.83078
1.8313
1.83181
1.83233
1.83285
1.83337
1.83389
1.83441
1.83493
1.83544
1.83596
1.83648
1.837
1.83752
1.83804
1.83856
1.83908
1.8396
1.84011
1.84063
1.84115
1.84167
1.84219
1.84271
1.84323
1.84375
1.84427
1.84479
1.84531
1.84583
1.84635
1.84687
1.84739
1.84791
1.84843
1.84895
1.84947
1.84999
1.85051
1.85103
1.85155
1.85207
1.85259
1.85311
1.85363
1.85415
1.85467
1.85519
1.85571
1.85623
1.85675
1.85727
1.85779
1.85831
1.85884
1.85936
1.85988
1.8604
1.86092
1.86144
1.86196
1.86248
1.863
1.86353
1.86405
1.86457
1.86509
1.86561
1.86613
1.86666
1.86718
1.8677
1.86822
1.86874
1.86926
1.86979
1.87031
1.87083
1.87135
1.87188
1.8724
1.87292
1.87344
1.87396
1.87449
1.87501
1.87553
1.87605
1.87658
1.8771
1.87762
1.87815
1.87867
1.87919
1.87971
1.88024
1.88076
1.88128
1.88181
1.88233
1.88285
1.88338
1.8839
1.88442
1.88495
1.88547
1.88599
1.88652
1.88704
1.88756
1.88809
1.88861
1.88914
1.88966
1.89018
1.89071
1.89123
1.89176
1.89228
1.8928
1.89333
1.89385
1.89438
1.8949
1.89543
1.89595
1.89648
1.897
1.89753
1.89805
1.89857
1.8991
1.89962
1.90015
1.90067
1.9012
1.90172
1.90225
1.90277
1.9033
1.90383
1.90435
1.90488
1.9054
1.90593
1.90645
1.90698
1.9075
1.90803
1.90855
1.90908
1.90961
1.91013
1.91066
1.91118
1.91171
1.91224
1.91276
1.91329
1.91381
1.91434
1.91487
1.91539
1.91592
1.91645
1.91697
1.9175
1.91803
1.91855
1.91908
1.91961
1.92013
1.92066
1.92119
1.92171
1.92224
1.92277
1.9233
1.92382
1.92435
1.92488
1.9254
1.92593
1.92646
1.92699
1.92751
1.92804
1.92857
1.9291
1.92962
1.93015
1.93068
1.93121
1.93174
1.93226
1.93279
1.93332
1.93385
1.93438
1.9349
1.93543
1.93596
1.93649
1.93702
1.93755
1.93807
1.9386
1.93913
1.93966
1.94019
1.94072
1.94125
1.94177
1.9423
1.94283
1.94336
1.94389
1.94442
1.94495
1.94548
1.94601
1.94654
1.94707
1.94759
1.94812
1.94865
1.94918
1.94971
1.95024
1.95077
1.9513
1.95183
1.95236
1.95289
1.95342
1.95395
1.95448
1.95501
1.95554
1.95607
1.9566
1.95713
1.95766
1.95819
1.95872
1.95925
1.95978
1.96031
1.96084
1.96137
1.9619
1.96243
1.96297
1.9635
1.96403
1.96456
1.96509
1.96562
1.96615
1.96668
1.96721
1.96774
1.96828
1.96881
1.96934
1.96987
1.9704
1.97093
1.97146
1.97199
1.97253
1.97306
1.97359
1.97412
1.97465
1.97518
1.97572
1.97625
1.97678
1.97731
1.97784
1.97838
1.97891
1.97944
1.97997
1.9805
1.98104
1.98157
1.9821
1.98263
1.98317
1.9837
1.98423
1.98476
1.9853
1.98583
1.98636
1.98689
1.98743
1.98796
1.98849
1.98903
1.98956
1.99009
1.99062
1.99116
1.99169
1.99222
1.99276
1.99329
1.99382
1.99436
1.99489
1.99542
1.99596
1.99649
1.99702
1.99756
1.99809
1.99863
1.99916
1.99969
2.00023
2.00076
2.00129
2.00183
2.00236
2.0029
2.00343
2.00396
2.0045
2.00503
2.00557
2.0061
2.00664
2.00717
2.0077
2.00824
2.00877
2.00931
2.00984
2.01038
2.01091
2.01145
2.01198
2.01252
2.01305
2.01359
2.01412
2.01466
2.01519
2.01573
2.01626
2.0168
2.01733
2.01787
2.0184
2.01894
2.01947
2.02001
2.02054
2.02108
2.02162
2.02215
2.02269
2.02322
2.02376
2.02429
2.02483
2.02537
2.0259
2.02644
2.02697
2.02751
2.02805
2.02858
2.02912
2.02965
2.03019
2.03073
2.03126
2.0318
2.03234
2.03287
2.03341
2.03394
2.03448
2.03502
2.03555
2.03609
2.03663
2.03716
2.0377
2.03824
2.03878
2.03931
2.03985
2.04039
2.04092
2.04146
2.042
2.04253
2.04307
2.04361
2.04415
2.04468
2.04522
2.04576
2.0463
2.04683
2.04737
2.04791
2.04845
2.04898
2.04952
2.05006
2.0506
2.05113
2.05167
2.05221
2.05275
2.05329
2.05382
2.05436
2.0549
2.05544
2.05598
2.05651
2.05705
2.05759
2.05813
2.05867
2.05921
2.05974
2.06028
2.06082
2.06136
2.0619
2.06244
2.06298
2.06351
2.06405
2.06459
2.06513
2.06567
2.06621
2.06675
2.06729
2.06782
2.06836
2.0689
2.06944
2.06998
2.07052
2.07106
2.0716
2.07214
2.07268
2.07322
2.07376
2.0743
2.07483
2.07537
2.07591
2.07645
2.07699
2.07753
2.07807
2.07861
2.07915
2.07969
2.08023
2.08077
2.08131
2.08185
2.08239
2.08293
2.08347
2.08401
2.08455
2.08509
2.08563
2.08617
2.08671
2.08725
2.08779
2.08833
2.08887
2.08941
2.08995
2.09049
2.09103
2.09157
2.09211
2.09265
2.09319
2.09373
2.09427
2.09481
2.09535
2.09589
2.09644
2.09698
2.09752
2.09806
2.0986
2.09914
2.09968
2.10022
2.10076
2.1013
2.10184
2.10238
2.10292
2.10346
2.104
2.10454
2.10508
2.10562
2.10616
2.10671
2.10725
2.10779
2.10833
2.10887
2.10941
2.10995
2.11049
2.11103
2.11157
2.11211
2.11265
2.1132
2.11374
2.11428
2.11482
2.11536
2.1159
2.11644
2.11698
2.11752
2.11806
2.11861
2.11915
2.11969
2.12023
2.12077
2.12131
2.12185
2.12239
2.12294
2.12348
2.12402
2.12456
2.1251
2.12564
2.12618
2.12673
2.12727
2.12781
2.12835
2.12889
2.12943
2.12998
2.13052
2.13106
2.1316
2.13214
2.13268
2.13323
2.13377
2.13431
2.13485
2.13539
2.13594
2.13648
2.13702
2.13756
2.1381
2.13864
2.13919
2.13973
2.14027
2.14081
2.14135
2.14189
2.14243
2.14298
2.14352
2.14406
2.1446
2.14514
2.14568
2.14622
2.14677
2.14731
2.14785
2.14839
2.14893
2.14947
2.15001
2.15056
2.1511
2.15164
2.15218
2.15272
2.15326
2.1538
2.15434
2.15489
2.15543
2.15597
2.15651
2.15705
2.15759
2.15813
2.15867
2.15922
2.15976
2.1603
2.16084
2.16138
2.16192
2.16246
2.163
2.16354
2.16409
2.16463
2.16517
2.16571
2.16625
2.16679
2.16733
2.16787
2.16841
2.16895
2.1695
2.17004
2.17058
2.17112
2.17166
2.1722
2.17274
2.17328
2.17382
2.17436
2.17491
2.17545
2.17599
2.17653
2.17707
2.17761
2.17815
2.17869
2.17923
2.17977
2.18031
2.18086
2.1814
2.18194
2.18248
2.18302
2.18356
2.1841
2.18464
2.18518
2.18572
2.18626
2.1868
2.18735
2.18789
2.18843
2.18897
2.18951
2.19005
2.19059
2.19113
2.19167
2.19221
2.19275
2.19329
2.19384
2.19438
2.19492
2.19546
2.196
2.19654
2.19708
2.19762
2.19816
2.1987
2.19924
2.19978
2.20033
2.20087
2.20141
2.20195
2.20249
2.20303
2.20357
2.20411
2.20465
2.20519
2.20573
2.20628
2.20682
2.20736
2.2079
2.20844
2.20898
2.20952
2.21006
2.2106
2.21114
2.21168
2.21223
2.21277
2.21331
2.21385
2.21439
2.21493
2.21547
2.21601
2.21655
2.21709
2.21763
2.21818
2.21872
2.21926
2.2198
2.22034
2.22088
2.22142
2.22196
2.2225
2.22304
2.22359
2.22413
2.22467
2.22521
2.22575
2.22629
2.22683
2.22737
2.22791
2.22846
2.229
2.22954
2.23008
2.23062
2.23116
2.2317
2.23224
2.23279
2.23333
2.23387
2.23441
2.23495
2.23549
2.23603
2.23657
2.23712
2.23766
2.2382
2.23874
2.23928
2.23982
2.24036
2.24091
2.24145
2.24199
2.24253
2.24307
2.24361
2.24415
2.2447
2.24524
2.24578
2.24632
2.24686
2.2474
2.24794
2.24849
2.24903
2.24957
2.25011
2.25065
2.25119
2.25174
2.25228
2.25282
2.25336
2.2539
2.25444
2.25499
2.25553
2.25607
2.25661
2.25715
2.2577
2.25824
2.25878
2.25932
2.25986
2.2604
2.26095
2.26149
2.26203
2.26257
2.26311
2.26366
2.2642
2.26474
2.26528
2.26582
2.26637
2.26691
2.26745
2.26799
2.26854
2.26908
2.26962
2.27016
2.2707
2.27125
2.27179
2.27233
2.27287
2.27342
2.27396
2.2745
2.27504
2.27559
2.27613
2.27667
2.27721
2.27776
2.2783
2.27884
2.27938
2.27993
2.28047
2.28101
2.28155
2.2821
2.28264
2.28318
2.28372
2.28427
2.28481
2.28535
2.2859
2.28644
2.28698
2.28752
2.28807
2.28861
2.28915
2.2897
2.29024
2.29078
2.29132
2.29187
2.29241
2.29295
2.2935
2.29404
2.29458
2.29513
2.29567
2.29621
2.29676
2.2973
2.29784
2.29839
2.29893
2.29947
2.30002
2.30056
2.3011
2.30165
2.30219
2.30273
2.30328
2.30382
2.30437
2.30491
2.30545
2.306
2.30654
2.30708
2.30763
2.30817
2.30872
2.30926
2.3098
2.31035
2.31089
2.31143
2.31198
2.31252
2.31307
2.31361
2.31416
2.3147
2.31524
2.31579
2.31633
2.31688
2.31742
2.31796
2.31851
2.31905
2.3196
2.32014
2.32069
2.32123
2.32178
2.32232
2.32286
2.32341
2.32395
2.3245
2.32504
2.32559
2.32613
2.32668
2.32722
2.32777
2.32831
2.32886
2.3294
2.32995
2.33049
2.33104
2.33158
2.33213
2.33267
2.33322
2.33376
2.33431
2.33485
2.3354
2.33594
2.33649
2.33703
2.33758
2.33812
2.33867
2.33921
2.33976
2.34031
2.34085
2.3414
2.34194
2.34249
2.34303
2.34358
2.34412
2.34467
2.34522
2.34576
2.34631
2.34685
2.3474
2.34795
2.34849
2.34904
2.34958
2.35013
2.35068
2.35122
2.35177
2.35231
2.35286
2.35341
2.35395
2.3545
2.35505
2.35559
2.35614
2.35668
2.35723
2.35778
2.35832
2.35887
2.35942
2.35996
2.36051
2.36106
2.3616
2.36215
2.3627
2.36324
2.36379
2.36434
2.36488
2.36543
2.36598
2.36653
2.36707
2.36762
2.36817
2.36871
2.36926
2.36981
2.37036
2.3709
2.37145
2.372
2.37255
2.37309
2.37364
2.37419
2.37474
2.37528
2.37583
2.37638
2.37693
2.37747
2.37802
2.37857
2.37912
2.37967
2.38021
2.38076
2.38131
2.38186
2.3824
2.38295
2.3835
2.38405
2.3846
2.38515
2.38569
2.38624
2.38679
2.38734
2.38789
2.38844
2.38898
2.38953
2.39008
2.39063
2.39118
2.39173
2.39228
2.39282
2.39337
2.39392
2.39447
2.39502
2.39557
2.39612
2.39667
2.39722
2.39776
2.39831
2.39886
2.39941
2.39996
2.40051
2.40106
2.40161
2.40216
2.40271
2.40326
2.40381
2.40436
2.40491
2.40546
2.40601
2.40656
2.4071
2.40765
2.4082
2.40875
2.4093
2.40985
2.4104
2.41095
2.4115
2.41205
2.4126
2.41315
2.4137
2.41425
2.4148
2.41535
2.4159
2.41645
2.417
2.41755
2.4181
2.41865
2.4192
2.41975
2.4203
2.42085
2.4214
2.42195
2.4225
2.42305
2.4236
2.42415
2.4247
2.42525
2.4258
2.42635
2.4269
2.42745
2.428
2.42855
2.4291
2.42964
2.43019
2.43074
2.43129
2.43184
2.43239
2.43294
2.43349
2.43404
2.43459
2.43514
2.43569
2.43624
2.43679
2.43734
2.43789
2.43844
2.43899
2.43953
2.44008
2.44063
2.44118
2.44173
2.44228
2.44283
2.44338
2.44393
2.44448
2.44503
2.44558
2.44613
2.44667
2.44722
2.44777
2.44832
2.44887
2.44942
2.44997
2.45052
2.45107
2.45162
2.45217
2.45271
2.45326
2.45381
2.45436
2.45491
2.45546
2.45601
2.45656
2.45711
2.45765
2.4582
2.45875
2.4593
2.45985
2.4604
2.46095
2.4615
2.46204
2.46259
2.46314
2.46369
2.46424
2.46479
2.46534
2.46589
2.46643
2.46698
2.46753
2.46808
2.46863
2.46918
2.46973
2.47027
2.47082
2.47137
2.47192
2.47247
2.47302
2.47356
2.47411
2.47466
2.47521
2.47576
2.47631
2.47685
2.4774
2.47795
2.4785
2.47905
2.4796
2.48014
2.48069
2.48124
2.48179
2.48234
2.48288
2.48343
2.48398
2.48453
2.48508
2.48562
2.48617
2.48672
2.48727
2.48782
2.48836
2.48891
2.48946
2.49001
2.49056
2.4911
2.49165
2.4922
2.49275
2.4933
2.49384
2.49439
2.49494
2.49549
2.49603
2.49658
2.49713
2.49768
2.49823
2.49877
2.49932
2.49987
2.50042
2.50096
2.50151
2.50206
2.50261
2.50315
2.5037
2.50425
2.5048
2.50534
2.50589
2.50644
2.50699
2.50753
2.50808
2.50863
2.50917
2.50972
2.51027
2.51082
2.51136
2.51191
2.51246
2.51301
2.51355
2.5141
2.51465
2.51519
2.51574
2.51629
2.51683
2.51738
2.51793
2.51848
2.51902
2.51957
2.52012
2.52066
2.52121
2.52176
2.5223
2.52285
2.5234
2.52394
2.52449
2.52504
2.52559
2.52613
2.52668
2.52723
2.52777
2.52832
2.52887
2.52941
2.52996
2.53051
2.53105
2.5316
2.53215
2.53269
2.53324
2.53378
2.53433
2.53488
2.53542
2.53597
2.53652
2.53706
2.53761
2.53816
2.5387
2.53925
2.5398
2.54034
2.54089
2.54143
2.54198
2.54253
2.54307
2.54362
2.54416
2.54471
2.54526
2.5458
2.54635
2.5469
2.54744
2.54799
2.54853
2.54908
2.54963
2.55017
2.55072
2.55126
2.55181
2.55236
2.5529
2.55345
2.55399
2.55454
2.55508
2.55563
2.55618
2.55672
2.55727
2.55781
2.55836
2.55891
2.55945
2.56
2.56054
2.56109
2.56163
2.56218
2.56273
2.56327
2.56382
2.56436
2.56491
2.56545
2.566
2.56654
2.56709
2.56763
2.56818
2.56873
2.56927
2.56982
2.57036
2.57091
2.57145
2.572
2.57254
2.57309
2.57363
2.57418
2.57472
2.57527
2.57582
2.57636
2.57691
2.57745
2.578
2.57854
2.57909
2.57963
2.58018
2.58072
2.58127
2.58181
2.58236
2.5829
2.58345
2.58399
2.58454
2.58508
2.58563
2.58617
2.58672
2.58726
2.58781
2.58835
2.5889
2.58944
2.58999
2.59053
2.59108
2.59162
2.59217
2.59271
2.59326
2.5938
2.59435
2.59489
2.59543
2.59598
2.59652
2.59707
2.59761
2.59816
2.5987
2.59925
2.59979
2.60034
2.60088
2.60143
2.60197
2.60252
2.60306
2.6036
2.60415
2.60469
2.60524
2.60578
2.60633
2.60687
2.60742
2.60796
2.6085
2.60905
2.60959
2.61014
2.61068
2.61123
2.61177
2.61232
2.61286
2.6134
2.61395
2.61449
2.61504
2.61558
2.61613
2.61667
2.61721
2.61776
2.6183
2.61885
2.61939
2.61994
2.62048
2.62102
2.62157
2.62211
2.62266
2.6232
2.62374
2.62429
2.62483
2.62538
2.62592
2.62647
2.62701
2.62755
2.6281
2.62864
2.62919
2.62973
2.63027
2.63082
2.63136
2.63191
2.63245
2.63299
2.63354
2.63408
2.63463
2.63517
2.63571
2.63626
2.6368
2.63735
2.63789
2.63843
2.63898
2.63952
2.64006
2.64061
2.64115
2.6417
2.64224
2.64278
2.64333
2.64387
2.64442
2.64496
2.6455
2.64605
2.64659
2.64713
2.64768
2.64822
2.64877
2.64931
2.64985
2.6504
2.65094
2.65148
2.65203
2.65257
2.65312
2.65366
2.6542
2.65475
2.65529
2.65583
2.65638
2.65692
2.65746
2.65801
2.65855
2.6591
2.65964
2.66018
2.66073
2.66127
2.66181
2.66236
2.6629
2.66344
2.66399
2.66453
2.66507
2.66562
2.66616
2.6667
2.66725
2.66779
2.66834
2.66888
2.66942
2.66997
2.67051
2.67105
2.6716
2.67214
2.67268
2.67323
2.67377
2.67431
2.67486
2.6754
2.67594
2.67649
2.67703
2.67757
2.67812
2.67866
2.6792
2.67975
2.68029
2.68083
2.68138
2.68192
2.68246
2.68301
2.68355
2.68409
2.68464
2.68518
2.68572
2.68627
2.68681
2.68735
2.6879
2.68844
2.68898
2.68953
2.69007
2.69061
2.69116
2.6917
2.69224
2.69279
2.69333
2.69387
2.69442
2.69496
2.6955
2.69605
2.69659
2.69713
2.69768
2.69822
2.69876
2.6993
2.69985
2.70039
2.70093
2.70148
2.70202
2.70256
2.70311
2.70365
2.70419
2.70474
2.70528
2.70582
2.70637
2.70691
2.70745
2.708
2.70854
2.70908
2.70963
2.71017
2.71071
2.71125
2.7118
2.71234
2.71288
2.71343
2.71397
2.71451
2.71506
2.7156
2.71614
2.71669
2.71723
2.71777
2.71832
2.71886
2.7194
2.71995
2.72049
2.72103
2.72157
2.72212
2.72266
2.7232
2.72375
2.72429
2.72483
2.72538
2.72592
2.72646
2.72701
2.72755
2.72809
2.72864
2.72918
2.72972
2.73026
2.73081
2.73135
2.73189
2.73244
2.73298
2.73352
2.73407
2.73461
2.73515
2.7357
2.73624
2.73678
2.73733
2.73787
2.73841
2.73895
2.7395
2.74004
2.74058
2.74113
2.74167
2.74221
2.74276
2.7433
2.74384
2.74439
2.74493
2.74547
2.74602
2.74656
2.7471
2.74764
2.74819
2.74873
2.74927
2.74982
2.75036
2.7509
2.75145
2.75199
2.75253
2.75308
2.75362
2.75416
2.75471
2.75525
2.75579
2.75634
2.75688
2.75742
2.75797
2.75851
2.75905
2.75959
2.76014
2.76068
2.76122
2.76177
2.76231
2.76285
2.7634
2.76394
2.76448
2.76503
2.76557
2.76611
2.76666
2.7672
2.76774
2.76829
2.76883
2.76937
2.76992
2.77046
2.771
2.77155
2.77209
2.77263
2.77318
2.77372
2.77426
2.77481
2.77535
2.77589
2.77644
2.77698
2.77752
2.77807
2.77861
2.77915
2.7797
2.78024
2.78078
2.78133
2.78187
2.78241
2.78296
2.7835
2.78404
2.78459
2.78513
2.78567
2.78622
2.78676
2.7873
2.78785
2.78839
2.78893
2.78948
2.79002
2.79056
2.79111
2.79165
2.79219
2.79274
2.79328
2.79383
2.79437
2.79491
2.79546
2.796
2.79654
2.79709
2.79763
2.79817
2.79872
2.79926
2.7998
2.80035
2.80089
2.80143
2.80198
2.80252
2.80307
2.80361
2.80415
2.8047
2.80524
2.80578
2.80633
2.80687
2.80741
2.80796
2.8085
2.80905
2.80959
2.81013
2.81068
2.81122
2.81176
2.81231
2.81285
2.8134
2.81394
2.81448
2.81503
2.81557
2.81612
2.81666
2.8172
2.81775
2.81829
2.81883
2.81938
2.81992
2.82047
2.82101
2.82155
2.8221
2.82264
2.82319
2.82373
2.82427
2.82482
2.82536
2.82591
2.82645
2.82699
2.82754
2.82808
2.82863
2.82917
2.82971
2.83026
2.8308
2.83135
2.83189
2.83243
2.83298
2.83352
2.83407
2.83461
2.83516
2.8357
2.83624
2.83679
2.83733
2.83788
2.83842
2.83897
2.83951
2.84005
2.8406
2.84114
2.84169
2.84223
2.84278
2.84332
2.84386
2.84441
2.84495
2.8455
2.84604
2.84659
2.84713
2.84768
2.84822
2.84876
2.84931
2.84985
2.8504
2.85094
2.85149
2.85203
2.85258
2.85312
2.85366
2.85421
2.85475
2.8553
2.85584
2.85639
2.85693
2.85748
2.85802
2.85857
2.85911
2.85966
2.8602
2.86075
2.86129
2.86184
2.86238
2.86293
2.86347
2.86401
2.86456
2.8651
2.86565
2.86619
2.86674
2.86728
2.86783
2.86837
2.86892
2.86946
2.87001
2.87055
2.8711
2.87164
2.87219
2.87273
2.87328
2.87382
2.87437
2.87492
2.87546
2.87601
2.87655
2.8771
2.87764
2.87819
2.87873
2.87928
2.87982
2.88037
2.88091
2.88146
2.882
2.88255
2.88309
2.88364
2.88419
2.88473
2.88528
2.88582
2.88637
2.88691
2.88746
2.888
2.88855
2.88909
2.88964
2.89019
2.89073
2.89128
2.89182
2.89237
2.89291
2.89346
2.89401
2.89455
2.8951
2.89564
2.89619
2.89673
2.89728
2.89783
2.89837
2.89892
2.89946
2.90001
2.90056
2.9011
2.90165
2.90219
2.90274
2.90329
2.90383
2.90438
2.90492
2.90547
2.90602
2.90656
2.90711
2.90765
2.9082
2.90875
2.90929
2.90984
2.91039
2.91093
2.91148
2.91202
2.91257
2.91312
2.91366
2.91421
2.91476
2.9153
2.91585
2.9164
2.91694
2.91749
2.91803
2.91858
2.91913
2.91967
2.92022
2.92077
2.92131
2.92186
2.92241
2.92295
2.9235
2.92405
2.92459
2.92514
2.92569
2.92623
2.92678
2.92733
2.92788
2.92842
2.92897
2.92952
2.93006
2.93061
2.93116
2.9317
2.93225
2.9328
2.93334
2.93389
2.93444
2.93499
2.93553
2.93608
2.93663
2.93717
2.93772
2.93827
2.93882
2.93936
2.93991
2.94046
2.94101
2.94155
2.9421
2.94265
2.9432
2.94374
2.94429
2.94484
2.94539
2.94593
2.94648
2.94703
2.94758
2.94812
2.94867
2.94922
2.94977
2.95031
2.95086
2.95141
2.95196
2.9525
2.95305
2.9536
2.95415
2.9547
2.95524
2.95579
2.95634
2.95689
2.95744
2.95798
2.95853
2.95908
2.95963
2.96018
2.96072
2.96127
2.96182
2.96237
2.96292
2.96346
2.96401
2.96456
2.96511
2.96566
2.96621
2.96675
2.9673
2.96785
2.9684
2.96895
2.9695
2.97004
2.97059
2.97114
2.97169
2.97224
2.97279
2.97334
2.97388
2.97443
2.97498
2.97553
2.97608
2.97663
2.97718
2.97773
2.97827
2.97882
2.97937
2.97992
2.98047
2.98102
2.98157
2.98212
2.98267
2.98322
2.98376
2.98431
2.98486
2.98541
2.98596
2.98651
2.98706
2.98761
2.98816
2.98871
2.98926
2.98981
2.99035
2.9909
2.99145
2.992
2.99255
2.9931
2.99365
2.9942
2.99475
2.9953
2.99585
2.9964
2.99695
2.9975
2.99805
2.9986
2.99915
2.9997
3.00025
3.0008
3.00135
3.0019
3.00245
3.003
3.00355
3.0041
3.00465
3.0052
3.00575
3.0063
3.00685
3.0074
3.00795
3.0085
3.00905
3.0096
3.01015
3.0107
3.01125
3.0118
3.01235
3.0129
3.01345
3.014
3.01455
3.0151
3.01565
3.0162
3.01675
3.0173
3.01785
3.0184
3.01895
3.0195
3.02005
3.02061
3.02116
3.02171
3.02226
3.02281
3.02336
3.02391
3.02446
3.02501
3.02556
3.02611
3.02666
3.02721
3.02777
3.02832
3.02887
3.02942
3.02997
3.03052
3.03107
3.03162
3.03217
3.03273
3.03328
3.03383
3.03438
3.03493
3.03548
3.03603
3.03659
3.03714
3.03769
3.03824
3.03879
3.03934
3.03989
3.04045
3.041
3.04155
3.0421
3.04265
3.0432
3.04376
3.04431
3.04486
3.04541
3.04596
3.04651
3.04707
3.04762
3.04817
3.04872
3.04927
3.04983
3.05038
3.05093
3.05148
3.05203
3.05259
3.05314
3.05369
3.05424
3.0548
3.05535
3.0559
3.05645
3.057
3.05756
3.05811
3.05866
3.05921
3.05977
3.06032
3.06087
3.06142
3.06198
3.06253
3.06308
3.06363
3.06419
3.06474
3.06529
3.06585
3.0664
3.06695
3.0675
3.06806
3.06861
3.06916
3.06971
3.07027
3.07082
3.07137
3.07193
3.07248
3.07303
3.07359
3.07414
3.07469
3.07525
3.0758
3.07635
3.07691
3.07746
3.07801
3.07857
3.07912
3.07967
3.08023
3.08078
3.08133
3.08189
3.08244
3.08299
3.08355
3.0841
3.08465
3.08521
3.08576
3.08631
3.08687
3.08742
3.08798
3.08853
3.08908
3.08964
3.09019
3.09074
3.0913
3.09185
3.09241
3.09296
3.09351
3.09407
3.09462
3.09518
3.09573
3.09629
3.09684
3.09739
3.09795
3.0985
3.09906
3.09961
3.10016
3.10072
3.10127
3.10183
3.10238
3.10294
3.10349
3.10405
3.1046
3.10516
3.10571
3.10626
3.10682
3.10737
3.10793
3.10848
3.10904
3.10959
3.11015
3.1107
3.11126
3.11181
3.11237
3.11292
3.11348
3.11403
3.11459
3.11514
3.1157
3.11625
3.11681
3.11736
3.11792
3.11847
3.11903
3.11958
3.12014
3.12069
3.12125
3.1218
3.12236
3.12291
3.12347
3.12403
3.12458
3.12514
3.12569
3.12625
3.1268
3.12736
3.12791
3.12847
3.12903
3.12958
3.13014
3.13069
3.13125
3.1318
3.13236
3.13292
3.13347
3.13403
3.13458
3.13514
3.1357
3.13625
3.13681
3.13736
3.13792
3.13848
3.13903
3.13959
3.14014
3.1407
3.14126
3.14181
3.14237
3.14293
3.14348
3.14404
3.1446
3.14515
3.14571
3.14626
3.14682
3.14738
3.14793
3.14849
3.14905
3.1496
3.15016
3.15072
3.15127
3.15183
3.15239
3.15294
3.1535
3.15406
3.15461
3.15517
3.15573
3.15629
3.15684
3.1574
3.15796
3.15851
3.15907
3.15963
3.16018
3.16074
3.1613
3.16186
3.16241
3.16297
3.16353
3.16409
3.16464
3.1652
3.16576
3.16631
3.16687
3.16743
3.16799
3.16854
3.1691
3.16966
3.17022
3.17077
3.17133
3.17189
3.17245
3.17301
3.17356
3.17412
3.17468
3.17524
3.17579
3.17635
3.17691
3.17747
3.17803
3.17858
3.17914
3.1797
3.18026
3.18082
3.18137
3.18193
3.18249
3.18305
3.18361
3.18416
3.18472
3.18528
3.18584
3.1864
3.18696
3.18751
3.18807
3.18863
3.18919
3.18975
3.19031
3.19086
3.19142
3.19198
3.19254
3.1931
3.19366
3.19422
3.19477
3.19533
3.19589
3.19645
3.19701
3.19757
3.19813
3.19869
3.19924
3.1998
3.20036
3.20092
3.20148
3.20204
3.2026
3.20316
3.20372
3.20428
3.20483
3.20539
3.20595
3.20651
3.20707
3.20763
3.20819
3.20875
3.20931
3.20987
3.21043
3.21099
3.21155
3.2121
3.21266
3.21322
3.21378
3.21434
3.2149
3.21546
3.21602
3.21658
3.21714
3.2177
3.21826
3.21882
3.21938
3.21994
3.2205
3.22106
3.22162
3.22218
3.22274
3.2233
3.22386
3.22442
3.22498
3.22554
3.2261
3.22666
3.22722
3.22778
3.22834
3.2289
3.22946
3.23002
3.23058
3.23114
3.2317
3.23226
3.23282
3.23338
3.23394
3.2345
3.23506
3.23562
3.23618
3.23674
3.2373
3.23786
3.23842
3.23898
3.23954
3.2401
3.24066
3.24122
3.24178
3.24235
3.24291
3.24347
3.24403
3.24459
3.24515
3.24571
3.24627
3.24683
3.24739
3.24795
3.24851
3.24907
3.24964
3.2502
3.25076
3.25132
3.25188
3.25244
3.253
3.25356
3.25412
3.25468
3.25525
3.25581
3.25637
3.25693
3.25749
3.25805
3.25861
3.25917
3.25974
3.2603
3.26086
3.26142
3.26198
3.26254
3.2631
3.26367
3.26423
3.26479
3.26535
3.26591
3.26647
3.26703
3.2676
3.26816
3.26872
3.26928
3.26984
3.2704
3.27097
3.27153
3.27209
3.27265
3.27321
3.27378
3.27434
3.2749
3.27546
3.27602
3.27659
3.27715
3.27771
3.27827
3.27883
3.2794
3.27996
3.28052
3.28108
3.28164
3.28221
3.28277
3.28333
3.28389
3.28445
3.28502
3.28558
3.28614
3.2867
3.28727
3.28783
3.28839
3.28895
3.28952
3.29008
3.29064
3.2912
3.29177
3.29233
3.29289
3.29345
3.29402
3.29458
3.29514
3.2957
3.29627
3.29683
3.29739
3.29796
3.29852
3.29908
3.29964
3.30021
3.30077
3.30133
3.30189
3.30246
3.30302
3.30358
3.30415
3.30471
3.30527
3.30584
3.3064
3.30696
3.30753
3.30809
3.30865
3.30921
3.30978
3.31034
3.3109
3.31147
3.31203
3.31259
3.31316
3.31372
3.31428
3.31485
3.31541
3.31597
3.31654
3.3171
3.31766
3.31823
3.31879
3.31935
3.31992
3.32048
3.32105
3.32161
3.32217
3.32274
3.3233
3.32386
3.32443
3.32499
3.32555
3.32612
3.32668
3.32725
3.32781
3.32837
3.32894
3.3295
3.33006
3.33063
3.33119
3.33176
3.33232
3.33288
3.33345
3.33401
3.33458
3.33514
3.3357
3.33627
3.33683
3.3374
3.33796
3.33852
3.33909
3.33965
3.34022
3.34078
3.34135
3.34191
3.34247
3.34304
3.3436
3.34417
3.34473
3.3453
3.34586
3.34642
3.34699
3.34755
3.34812
3.34868
3.34925
3.34981
3.35038
3.35094
3.3515
3.35207
3.35263
3.3532
3.35376
3.35433
3.35489
3.35546
3.35602
3.35659
3.35715
3.35772
3.35828
3.35885
3.35941
3.35997
3.36054
3.3611
3.36167
3.36223
3.3628
3.36336
3.36393
3.36449
3.36506
3.36562
3.36619
3.36675
3.36732
3.36788
3.36845
3.36901
3.36958
3.37014
3.37071
3.37127
3.37184
3.3724
3.37297
3.37353
3.3741
3.37467
3.37523
3.3758
3.37636
3.37693
3.37749
3.37806
3.37862
3.37919
3.37975
3.38032
3.38088
3.38145
3.38201
3.38258
3.38315
3.38371
3.38428
3.38484
3.38541
3.38597
3.38654
3.3871
3.38767
3.38824
3.3888
3.38937
3.38993
3.3905
3.39106
3.39163
3.3922
3.39276
3.39333
3.39389
3.39446
3.39502
3.39559
3.39616
3.39672
3.39729
3.39785
3.39842
3.39899
3.39955
3.40012
3.40068
3.40125
3.40181
3.40238
3.40295
3.40351
3.40408
3.40464
3.40521
3.40578
3.40634
3.40691
3.40748
3.40804
3.40861
3.40917
3.40974
3.41031
3.41087
3.41144
3.412
3.41257
3.41314
3.4137
3.41427
3.41484
3.4154
3.41597
3.41654
3.4171
3.41767
3.41823
3.4188
3.41937
3.41993
3.4205
3.42107
3.42163
3.4222
3.42277
3.42333
3.4239
3.42447
3.42503
3.4256
3.42617
3.42673
3.4273
3.42786
3.42843
3.429
3.42956
3.43013
3.4307
3.43126
3.43183
3.4324
3.43297
3.43353
3.4341
3.43467
3.43523
3.4358
3.43637
3.43693
3.4375
3.43807
3.43863
3.4392
3.43977
3.44033
3.4409
3.44147
3.44203
3.4426
3.44317
3.44374
3.4443
3.44487
3.44544
3.446
3.44657
3.44714
3.4477
3.44827
3.44884
3.44941
3.44997
3.45054
3.45111
3.45167
3.45224
3.45281
3.45338
3.45394
3.45451
3.45508
3.45564
3.45621
3.45678
3.45735
3.45791
3.45848
3.45905
3.45961
3.46018
3.46075
3.46132
3.46188
3.46245
3.46302
3.46359
3.46415
3.46472
3.46529
3.46586
3.46642
3.46699
3.46756
3.46813
3.46869
3.46926
3.46983
3.4704
3.47096
3.47153
3.4721
3.47267
3.47323
3.4738
3.47437
3.47494
3.4755
3.47607
3.47664
3.47721
3.47777
3.47834
3.47891
3.47948
3.48004
3.48061
3.48118
3.48175
3.48231
3.48288
3.48345
3.48402
3.48459
3.48515
3.48572
3.48629
3.48686
3.48742
3.48799
3.48856
3.48913
3.4897
3.49026
3.49083
3.4914
3.49197
3.49254
3.4931
3.49367
3.49424
3.49481
3.49537
3.49594
3.49651
3.49708
3.49765
3.49821
3.49878
3.49935
3.49992
3.50049
3.50105
3.50162
3.50219
3.50276
3.50333
3.50389
3.50446
3.50503
3.5056
3.50617
3.50673
3.5073
3.50787
3.50844
3.50901
3.50958
3.51014
3.51071
3.51128
3.51185
3.51242
3.51298
3.51355
3.51412
3.51469
3.51526
3.51582
3.51639
3.51696
3.51753
3.5181
3.51867
3.51923
3.5198
3.52037
3.52094
3.52151
3.52208
3.52264
3.52321
3.52378
3.52435
3.52492
3.52549
3.52605
3.52662
3.52719
3.52776
3.52833
3.5289
3.52946
3.53003
3.5306
3.53117
3.53174
3.53231
3.53287
3.53344
3.53401
3.53458
3.53515
3.53572
3.53629
3.53685
3.53742
3.53799
3.53856
3.53913
3.5397
3.54026
3.54083
3.5414
3.54197
3.54254
3.54311
3.54368
3.54424
3.54481
3.54538
3.54595
3.54652
3.54709
3.54766
3.54822
3.54879
3.54936
3.54993
3.5505
3.55107
3.55164
3.5522
3.55277
3.55334
3.55391
3.55448
3.55505
3.55562
3.55618
3.55675
3.55732
3.55789
3.55846
3.55903
3.5596
3.56017
3.56073
3.5613
3.56187
3.56244
3.56301
3.56358
3.56415
3.56472
3.56528
3.56585
3.56642
3.56699
3.56756
3.56813
3.5687
3.56927
3.56983
3.5704
3.57097
3.57154
3.57211
3.57268
3.57325
3.57382
3.57438
3.57495
3.57552
3.57609
3.57666
3.57723
3.5778
3.57837
3.57894
3.5795
3.58007
3.58064
3.58121
3.58178
3.58235
3.58292
3.58349
3.58405
3.58462
3.58519
3.58576
3.58633
3.5869
3.58747
3.58804
3.58861
3.58917
3.58974
3.59031
3.59088
3.59145
3.59202
3.59259
3.59316
3.59373
3.5943
3.59486
3.59543
3.596
3.59657
3.59714
3.59771
3.59828
3.59885
3.59942
3.59998
3.60055
3.60112
3.60169
3.60226
3.60283
3.6034
3.60397
3.60454
3.60511
3.60567
3.60624
3.60681
3.60738
3.60795
3.60852
3.60909
3.60966
3.61023
3.6108
3.61136
3.61193
3.6125
3.61307
3.61364
3.61421
3.61478
3.61535
3.61592
3.61649
3.61706
3.61762
3.61819
3.61876
3.61933
3.6199
3.62047
3.62104
3.62161
3.62218
3.62275
3.62331
3.62388
3.62445
3.62502
3.62559
3.62616
3.62673
3.6273
3.62787
3.62844
3.62901
3.62957
3.63014
3.63071
3.63128
3.63185
3.63242
3.63299
3.63356
3.63413
3.6347
3.63527
3.63583
3.6364
3.63697
3.63754
3.63811
3.63868
3.63925
3.63982
3.64039
3.64096
3.64153
3.64209
3.64266
3.64323
3.6438
3.64437
3.64494
3.64551
3.64608
3.64665
3.64722
3.64779
3.64835
3.64892
3.64949
3.65006
3.65063
3.6512
3.65177
3.65234
3.65291
3.65348
3.65405
3.65462
3.65518
3.65575
3.65632
3.65689
3.65746
3.65803
3.6586
3.65917
3.65974
3.66031
3.66088
3.66144
3.66201
3.66258
3.66315
3.66372
3.66429
3.66486
3.66543
3.666
3.66657
3.66714
3.66771
3.66827
3.66884
3.66941
3.66998
3.67055
3.67112
3.67169
3.67226
3.67283
3.6734
3.67397
3.67454
3.6751
3.67567
3.67624
3.67681
3.67738
3.67795
3.67852
3.67909
3.67966
3.68023
3.6808
3.68136
3.68193
3.6825
3.68307
3.68364
3.68421
3.68478
3.68535
3.68592
3.68649
3.68706
3.68763
3.68819
3.68876
3.68933
3.6899
3.69047
3.69104
3.69161
3.69218
3.69275
3.69332
3.69389
3.69446
3.69503
3.69559
3.69616
3.69673
3.6973
3.69787
3.69844
3.69901
3.69958
3.70015
3.70072
3.70129
3.70186
3.70242
3.70299
3.70356
3.70413
3.7047
3.70527
3.70584
3.70641
3.70698
3.70755
3.70812
3.70869
3.70925
3.70982
3.71039
3.71096
3.71153
3.7121
3.71267
3.71324
3.71381
3.71438
3.71495
3.71552
3.71609
3.71665
3.71722
3.71779
3.71836
3.71893
3.7195
3.72007
3.72064
3.72121
3.72178
3.72235
3.72292
3.72349
3.72405
3.72462
3.72519
3.72576
3.72633
3.7269
3.72747
3.72804
3.72861
3.72918
3.72975
3.73032
3.73089
3.73145
3.73202
3.73259
3.73316
3.73373
3.7343
3.73487
3.73544
3.73601
3.73658
3.73715
3.73772
3.73829
3.73886
3.73942
3.73999
3.74056
3.74113
3.7417
3.74227
3.74284
3.74341
3.74398
3.74455
3.74512
3.74569
3.74626
3.74683
3.74739
3.74796
3.74853
3.7491
3.74967
3.75024
3.75081
3.75138
3.75195
3.75252
3.75309
3.75366
3.75423
3.7548
3.75537
3.75593
3.7565
3.75707
3.75764
3.75821
3.75878
3.75935
3.75992
3.76049
3.76106
3.76163
3.7622
3.76277
3.76334
3.76391
3.76448
3.76504
3.76561
3.76618
3.76675
3.76732
3.76789
3.76846
3.76903
3.7696
3.77017
3.77074
3.77131
3.77188
3.77245
3.77302
3.77359
3.77416
3.77473
3.77529
3.77586
3.77643
3.777
3.77757
3.77814
3.77871
3.77928
3.77985
3.78042
3.78099
3.78156
3.78213
3.7827
3.78327
3.78384
3.78441
3.78498
3.78555
3.78612
3.78668
3.78725
3.78782
3.78839
3.78896
3.78953
3.7901
3.79067
3.79124
3.79181
3.79238
3.79295
3.79352
3.79409
3.79466
3.79523
3.7958
3.79637
3.79694
3.79751
3.79808
3.79865
3.79922
3.79979
3.80035
3.80092
3.80149
3.80206
3.80263
3.8032
3.80377
3.80434
3.80491
3.80548
3.80605
3.80662
3.80719
3.80776
3.80833
3.8089
3.80947
3.81004
3.81061
3.81118
3.81175
3.81232
3.81289
3.81346
3.81403
3.8146
3.81517
3.81574
3.81631
3.81688
3.81745
3.81802
3.81859
3.81916
3.81973
3.8203
3.82087
3.82144
3.82201
3.82258
3.82315
3.82372
3.82428
3.82485
3.82542
3.82599
3.82656
3.82713
3.8277
3.82827
3.82884
3.82941
3.82998
3.83055
3.83112
3.83169
3.83226
3.83283
3.8334
3.83397
3.83454
3.83511
3.83568
3.83625
3.83682
3.83739
3.83796
3.83853
3.8391
3.83967
3.84024
3.84081
3.84138
3.84195
3.84253
3.8431
3.84367
3.84424
3.84481
3.84538
3.84595
3.84652
3.84709
3.84766
3.84823
3.8488
3.84937
3.84994
3.85051
3.85108
3.85165
3.85222
3.85279
3.85336
3.85393
3.8545
3.85507
3.85564
3.85621
3.85678
3.85735
3.85792
3.85849
3.85906
3.85963
3.8602
3.86077
3.86134
3.86191
3.86248
3.86306
3.86363
3.8642
3.86477
3.86534
3.86591
3.86648
3.86705
3.86762
3.86819
3.86876
3.86933
3.8699
3.87047
3.87104
3.87161
3.87218
3.87275
3.87332
3.8739
3.87447
3.87504
3.87561
3.87618
3.87675
3.87732
3.87789
3.87846
3.87903
3.8796
3.88017
3.88074
3.88131
3.88189
3.88246
3.88303
3.8836
3.88417
3.88474
3.88531
3.88588
3.88645
3.88702
3.88759
3.88816
3.88874
3.88931
3.88988
3.89045
3.89102
3.89159
3.89216
3.89273
3.8933
3.89387
3.89445
3.89502
3.89559
3.89616
3.89673
3.8973
3.89787
3.89844
3.89901
3.89958
3.90016
3.90073
3.9013
3.90187
3.90244
3.90301
3.90358
3.90415
3.90473
3.9053
3.90587
3.90644
3.90701
3.90758
3.90815
3.90873
3.9093
3.90987
3.91044
3.91101
3.91158
3.91215
3.91272
3.9133
3.91387
3.91444
3.91501
3.91558
3.91615
3.91673
3.9173
3.91787
3.91844
3.91901
3.91958
3.92015
3.92073
3.9213
3.92187
3.92244
3.92301
3.92359
3.92416
3.92473
3.9253
3.92587
3.92644
3.92702
3.92759
3.92816
3.92873
3.9293
3.92987
3.93045
3.93102
3.93159
3.93216
3.93273
3.93331
3.93388
3.93445
3.93502
3.93559
3.93617
3.93674
3.93731
3.93788
3.93846
3.93903
3.9396
3.94017
3.94074
3.94132
3.94189
3.94246
3.94303
3.9436
3.94418
3.94475
3.94532
3.94589
3.94647
3.94704
3.94761
3.94818
3.94876
3.94933
3.9499
3.95047
3.95105
3.95162
3.95219
3.95276
3.95334
3.95391
3.95448
3.95505
3.95563
3.9562
3.95677
3.95734
3.95792
3.95849
3.95906
3.95963
3.96021
3.96078
3.96135
3.96193
3.9625
3.96307
3.96364
3.96422
3.96479
3.96536
3.96594
3.96651
3.96708
3.96766
3.96823
3.9688
3.96937
3.96995
3.97052
3.97109
3.97167
3.97224
3.97281
3.97339
3.97396
3.97453
3.97511
3.97568
3.97625
3.97683
3.9774
3.97797
3.97855
3.97912
3.97969
3.98027
3.98084
3.98141
3.98199
3.98256
3.98313
3.98371
3.98428
3.98485
3.98543
3.986
3.98657
3.98715
3.98772
3.9883
3.98887
3.98944
3.99002
3.99059
3.99116
3.99174
3.99231
3.99289
3.99346
3.99403
3.99461
3.99518
3.99576
3.99633
3.9969
3.99748
3.99805
3.99863
3.9992
3.99977
4.00035
4.00092
4.0015
4.00207
4.00264
4.00322
4.00379
4.00437
4.00494
4.00552
4.00609
4.00666
4.00724
4.00781
4.00839
4.00896
4.00954
4.01011
4.01069
4.01126
4.01183
4.01241
4.01298
4.01356
4.01413
4.01471
4.01528
4.01586
4.01643
4.01701
4.01758
4.01816
4.01873
4.01931
4.01988
4.02046
4.02103
4.0216
4.02218
4.02275
4.02333
4.0239
4.02448
4.02505
4.02563
4.02621
4.02678
4.02736
4.02793
4.02851
4.02908
4.02966
4.03023
4.03081
4.03138
4.03196
4.03253
4.03311
4.03368
4.03426
4.03483
4.03541
4.03599
4.03656
4.03714
4.03771
4.03829
4.03886
4.03944
4.04001
4.04059
4.04117
4.04174
4.04232
4.04289
4.04347
4.04404
4.04462
4.0452
4.04577
4.04635
4.04692
4.0475
4.04808
4.04865
4.04923
4.0498
4.05038
4.05096
4.05153
4.05211
4.05268
4.05326
4.05384
4.05441
4.05499
4.05557
4.05614
4.05672
4.0573
4.05787
4.05845
4.05902
4.0596
4.06018
4.06075
4.06133
4.06191
4.06248
4.06306
4.06364
4.06421
4.06479
4.06537
4.06594
4.06652
4.0671
4.06767
4.06825
4.06883
4.06941
4.06998
4.07056
4.07114
4.07171
4.07229
4.07287
4.07344
4.07402
4.0746
4.07518
4.07575
4.07633
4.07691
4.07749
4.07806
4.07864
4.07922
4.07979
4.08037
4.08095
4.08153
4.0821
4.08268
4.08326
4.08384
4.08441
4.08499
4.08557
4.08615
4.08673
4.0873
4.08788
4.08846
4.08904
4.08961
4.09019
4.09077
4.09135
4.09193
4.0925
4.09308
4.09366
4.09424
4.09482
4.09539
4.09597
4.09655
4.09713
4.09771
4.09829
4.09886
4.09944
4.10002
4.1006
4.10118
4.10176
4.10233
4.10291
4.10349
4.10407
4.10465
4.10523
4.10581
4.10638
4.10696
4.10754
4.10812
4.1087
4.10928
4.10986
4.11044
4.11102
4.11159
4.11217
4.11275
4.11333
4.11391
4.11449
4.11507
4.11565
4.11623
4.11681
4.11738
4.11796
4.11854
4.11912
4.1197
4.12028
4.12086
4.12144
4.12202
4.1226
4.12318
4.12376
4.12434
4.12492
4.1255
4.12608
4.12666
4.12724
4.12782
4.1284
4.12898
4.12956
4.13014
4.13072
4.1313
4.13187
4.13245
4.13303
4.13362
4.1342
4.13478
4.13536
4.13594
4.13652
4.1371
4.13768
4.13826
4.13884
4.13942
4.14
4.14058
4.14116
4.14174
4.14232
4.1429
4.14348
4.14406
4.14464
4.14522
4.1458
4.14638
4.14696
4.14755
4.14813
4.14871
4.14929
4.14987
4.15045
4.15103
4.15161
4.15219
4.15277
4.15335
4.15394
4.15452
4.1551
4.15568
4.15626
4.15684
4.15742
4.158
4.15859
4.15917
4.15975
4.16033
4.16091
4.16149
4.16207
4.16266
4.16324
4.16382
4.1644
4.16498
4.16556
4.16615
4.16673
4.16731
4.16789
4.16847
4.16906
4.16964
4.17022
4.1708
4.17138
4.17197
4.17255
4.17313
4.17371
4.17429
4.17488
4.17546
4.17604
4.17662
4.17721
4.17779
4.17837
4.17895
4.17953
4.18012
4.1807
4.18128
4.18187
4.18245
4.18303
4.18361
4.1842
4.18478
4.18536
4.18594
4.18653
4.18711
4.18769
4.18828
4.18886
4.18944
4.19002
4.19061
4.19119
4.19177
4.19236
4.19294
4.19352
4.19411
4.19469
4.19527
4.19586
4.19644
4.19702
4.19761
4.19819
4.19877
4.19936
4.19994
4.20052
4.20111
4.20169
4.20228
4.20286
4.20344
4.20403
4.20461
4.20519
4.20578
4.20636
4.20695
4.20753
4.20811
4.2087
4.20928
4.20987
4.21045
4.21103
4.21162
4.2122
4.21279
4.21337
4.21396
4.21454
4.21512
4.21571
4.21629
4.21688
4.21746
4.21805
4.21863
4.21922
4.2198
4.22038
4.22097
4.22155
4.22214
4.22272
4.22331
4.22389
4.22448
4.22506
4.22565
4.22623
4.22682
4.2274
4.22799
4.22857
4.22916
4.22974
4.23033
4.23091
4.2315
4.23208
4.23267
4.23325
4.23384
4.23443
4.23501
4.2356
4.23618
4.23677
4.23735
4.23794
4.23852
4.23911
4.2397
4.24028
4.24087
4.24145
4.24204
4.24262
4.24321
4.2438
4.24438
4.24497
4.24555
4.24614
4.24673
4.24731
4.2479
4.24848
4.24907
4.24966
4.25024
4.25083
4.25142
4.252
4.25259
4.25318
4.25376
4.25435
4.25493
4.25552
4.25611
4.25669
4.25728
4.25787
4.25845
4.25904
4.25963
4.26021
4.2608
4.26139
4.26198
4.26256
4.26315
4.26374
4.26432
4.26491
4.2655
4.26608
4.26667
4.26726
4.26785
4.26843
4.26902
4.26961
4.2702
4.27078
4.27137
4.27196
4.27255
4.27313
4.27372
4.27431
4.2749
4.27548
4.27607
4.27666
4.27725
4.27783
4.27842
4.27901
4.2796
4.28019
4.28077
4.28136
4.28195
4.28254
4.28313
4.28371
4.2843
4.28489
4.28548
4.28607
4.28665
4.28724
4.28783
4.28842
4.28901
4.2896
4.29018
4.29077
4.29136
4.29195
4.29254
4.29313
4.29372
4.2943
4.29489
4.29548
4.29607
4.29666
4.29725
4.29784
4.29843
4.29902
4.2996
4.30019
4.30078
4.30137
4.30196
4.30255
4.30314
4.30373
4.30432
4.30491
4.3055
4.30609
4.30667
4.30726
4.30785
4.30844
4.30903
4.30962
4.31021
4.3108
4.31139
4.31198
4.31257
4.31316
4.31375
4.31434
4.31493
4.31552
4.31611
4.3167
4.31729
4.31788
4.31847
4.31906
4.31965
4.32024
4.32083
4.32142
4.32201
4.3226
4.32319
4.32378
4.32437
4.32496
4.32555
4.32614
4.32673
4.32732
4.32791
4.3285
4.32909
4.32968
4.33028
4.33087
4.33146
4.33205
4.33264
4.33323
4.33382
4.33441
4.335
4.33559
4.33618
4.33677
4.33737
4.33796
4.33855
4.33914
4.33973
4.34032
4.34091
4.3415
4.34209
4.34269
4.34328
4.34387
4.34446
4.34505
4.34564
4.34623
4.34683
4.34742
4.34801
4.3486
4.34919
4.34978
4.35038
4.35097
4.35156
4.35215
4.35274
4.35333
4.35392
4.35452
4.35511
4.3557
4.35629
4.35688
4.35748
4.35807
4.35866
4.35925
4.35984
4.36043
4.36103
4.36162
4.36221
4.3628
4.36339
4.36398
4.36458
4.36517
4.36576
4.36635
4.36694
4.36754
4.36813
4.36872
4.36931
4.3699
4.3705
4.37109
4.37168
4.37227
4.37286
4.37346
4.37405
4.37464
4.37523
4.37583
4.37642
4.37701
4.3776
4.37819
4.37879
4.37938
4.37997
4.38056
4.38115
4.38175
4.38234
4.38293
4.38352
4.38412
4.38471
4.3853
4.38589
4.38649
4.38708
4.38767
4.38826
4.38885
4.38945
4.39004
4.39063
4.39122
4.39182
4.39241
4.393
4.39359
4.39419
4.39478
4.39537
4.39596
4.39656
4.39715
4.39774
4.39833
4.39893
4.39952
4.40011
4.4007
4.4013
4.40189
4.40248
4.40307
4.40367
4.40426
4.40485
4.40544
4.40604
4.40663
4.40722
4.40782
4.40841
4.409
4.40959
4.41019
4.41078
4.41137
4.41196
4.41256
4.41315
4.41374
4.41433
4.41493
4.41552
4.41611
4.41671
4.4173
4.41789
4.41848
4.41908
4.41967
4.42026
4.42086
4.42145
4.42204
4.42263
4.42323
4.42382
4.42441
4.42501
4.4256
4.42619
4.42679
4.42738
4.42797
4.42856
4.42916
4.42975
4.43034
4.43094
4.43153
4.43212
4.43272
4.43331
4.4339
4.43449
4.43509
4.43568
4.43627
4.43687
4.43746
4.43805
4.43865
4.43924
4.43983
4.44043
4.44102
4.44161
4.44221
4.4428
4.44339
4.44399
4.44458
4.44517
4.44577
4.44636
4.44695
4.44755
4.44814
4.44873
4.44933
4.44992
4.45051
4.45111
4.4517
4.45229
4.45289
4.45348
4.45407
4.45467
4.45526
4.45585
4.45645
4.45704
4.45763
4.45823
4.45882
4.45941
4.46001
4.4606
4.46119
4.46179
4.46238
4.46297
4.46357
4.46416
4.46475
4.46535
4.46594
4.46654
4.46713
4.46772
4.46832
4.46891
4.4695
4.4701
4.47069
4.47128
4.47188
4.47247
4.47307
4.47366
4.47425
4.47485
4.47544
4.47603
4.47663
4.47722
4.47781
4.47841
4.479
4.4796
4.48019
4.48078
4.48138
4.48197
4.48257
4.48316
4.48375
4.48435
4.48494
4.48553
4.48613
4.48672
4.48732
4.48791
4.4885
4.4891
4.48969
4.49029
4.49088
4.49147
4.49207
4.49266
4.49326
4.49385
4.49444
4.49504
4.49563
4.49622
4.49682
4.49741
4.49801
4.4986
4.49919
4.49979
4.50038
4.50098
4.50157
4.50217
4.50276
4.50335
4.50395
4.50454
4.50514
4.50573
4.50632
4.50692
4.50751
4.50811
4.5087
4.50929
4.50989
4.51048
4.51108
4.51167
4.51227
4.51286
4.51345
4.51405
4.51464
4.51524
4.51583
4.51643
4.51702
4.51761
4.51821
4.5188
4.5194
4.51999
4.52059
4.52118
4.52177
4.52237
4.52296
4.52356
4.52415
4.52475
4.52534
4.52593
4.52653
4.52712
4.52772
4.52831
4.52891
4.5295
4.5301
4.53069
4.53128
4.53188
4.53247
4.53307
4.53366
4.53426
4.53485
4.53545
4.53604
4.53663
4.53723
4.53782
4.53842
4.53901
4.53961
4.5402
4.5408
4.54139
4.54199
4.54258
4.54317
4.54377
4.54436
4.54496
4.54555
4.54615
4.54674
4.54734
4.54793
4.54853
4.54912
4.54971
4.55031
4.5509
4.5515
4.55209
4.55269
4.55328
4.55388
4.55447
4.55507
4.55566
4.55626
4.55685
4.55745
4.55804
4.55864
4.55923
4.55982
4.56042
4.56101
4.56161
4.5622
4.5628
4.56339
4.56399
4.56458
4.56518
4.56577
4.56637
4.56696
4.56756
4.56815
4.56875
4.56934
4.56994
4.57053
4.57113
4.57172
4.57232
4.57291
4.57351
4.5741
4.5747
4.57529
4.57589
4.57648
4.57708
4.57767
4.57827
4.57886
4.57946
4.58005
4.58065
4.58124
4.58184
4.58243
4.58303
4.58362
4.58422
4.58481
4.58541
4.586
4.5866
4.58719
4.58779
4.58838
4.58898
4.58957
4.59017
4.59076
4.59136
4.59195
4.59255
4.59314
4.59374
4.59433
4.59493
4.59552
4.59612
4.59671
4.59731
4.5979
4.5985
4.59909
4.59969
4.60028
4.60088
4.60147
4.60207
4.60266
4.60326
4.60385
4.60445
4.60504
4.60564
4.60623
4.60683
4.60743
4.60802
4.60862
4.60921
4.60981
4.6104
4.611
4.61159
4.61219
4.61278
4.61338
4.61397
4.61457
4.61516
4.61576
4.61635
4.61695
4.61754
4.61814
4.61874
4.61933
4.61993
4.62052
4.62112
4.62171
4.62231
4.6229
4.6235
4.62409
4.62469
4.62528
4.62588
4.62647
4.62707
4.62767
4.62826
4.62886
4.62945
4.63005
4.63064
4.63124
4.63183
4.63243
4.63302
4.63362
4.63422
4.63481
4.63541
4.636
4.6366
4.63719
4.63779
4.63838
4.63898
4.63957
4.64017
4.64077
4.64136
4.64196
4.64255
4.64315
4.64374
4.64434
4.64493
4.64553
4.64612
4.64672
4.64732
4.64791
4.64851
4.6491
4.6497
4.65029
4.65089
4.65148
4.65208
4.65268
4.65327
4.65387
4.65446
4.65506
4.65565
4.65625
4.65685
4.65744
4.65804
4.65863
4.65923
4.65982
4.66042
4.66101
4.66161
4.66221
4.6628
4.6634
4.66399
4.66459
4.66518
4.66578
4.66638
4.66697
4.66757
4.66816
4.66876
4.66935
4.66995
4.67054
4.67114
4.67174
4.67233
4.67293
4.67352
4.67412
4.67471
4.67531
4.67591
4.6765
4.6771
4.67769
4.67829
4.67888
4.67948
4.68008
4.68067
4.68127
4.68186
4.68246
4.68305
4.68365
4.68425
4.68484
4.68544
4.68603
4.68663
4.68723
4.68782
4.68842
4.68901
4.68961
4.6902
4.6908
4.6914
4.69199
4.69259
4.69318
4.69378
4.69437
4.69497
4.69557
4.69616
4.69676
4.69735
4.69795
4.69855
4.69914
4.69974
4.70033
4.70093
4.70152
4.70212
4.70272
4.70331
4.70391
4.7045
4.7051
4.7057
4.70629
4.70689
4.70748
4.70808
4.70868
4.70927
4.70987
4.71046
4.71106
4.71165
4.71225
4.71285
4.71344
4.71404
4.71463
4.71523
4.71583
4.71642
4.71702
4.71761
4.71821
4.71881
4.7194
4.72
4.72059
4.72119
4.72179
4.72238
4.72298
4.72357
4.72417
4.72477
4.72536
4.72596
4.72655
4.72715
4.72774
4.72834
4.72894
4.72953
4.73013
4.73072
4.73132
4.73192
4.73251
4.73311
4.7337
4.7343
4.7349
4.73549
4.73609
4.73668
4.73728
4.73788
4.73847
4.73907
4.73966
4.74026
4.74086
4.74145
4.74205
4.74264
4.74324
4.74384
4.74443
4.74503
4.74562
4.74622
4.74682
4.74741
4.74801
4.7486
4.7492
4.7498
4.75039
4.75099
4.75158
4.75218
4.75278
4.75337
4.75397
4.75457
4.75516
4.75576
4.75635
4.75695
4.75755
4.75814
4.75874
4.75933
4.75993
4.76053
4.76112
4.76172
4.76231
4.76291
4.76351
4.7641
4.7647
4.76529
4.76589
4.76649
4.76708
4.76768
4.76827
4.76887
4.76947
4.77006
4.77066
4.77126
4.77185
4.77245
4.77304
4.77364
4.77424
4.77483
4.77543
4.77602
4.77662
4.77722
4.77781
4.77841
4.779
4.7796
4.7802
4.78079
4.78139
4.78199
4.78258
4.78318
4.78377
4.78437
4.78497
4.78556
4.78616
4.78675
4.78735
4.78795
4.78854
4.78914
4.78973
4.79033
4.79093
4.79152
4.79212
4.79272
4.79331
4.79391
4.7945
4.7951
4.7957
4.79629
4.79689
4.79748
4.79808
4.79868
4.79927
4.79987
4.80047
4.80106
4.80166
4.80225
4.80285
4.80345
4.80404
4.80464
4.80523
4.80583
4.80643
4.80702
4.80762
4.80822
4.80881
4.80941
4.81
4.8106
4.8112
4.81179
4.81239
4.81298
4.81358
4.81418
4.81477
4.81537
4.81597
4.81656
4.81716
4.81775
4.81835
4.81895
4.81954
4.82014
4.82074
4.82133
4.82193
4.82252
4.82312
4.82372
4.82431
4.82491
4.8255
4.8261
4.8267
4.82729
4.82789
4.82849
4.82908
4.82968
4.83027
4.83087
4.83147
4.83206
4.83266
4.83326
4.83385
4.83445
4.83504
4.83564
4.83624
4.83683
4.83743
4.83802
4.83862
4.83922
4.83981
4.84041
4.84101
4.8416
4.8422
4.84279
4.84339
4.84399
4.84458
4.84518
4.84578
4.84637
4.84697
4.84756
4.84816
4.84876
4.84935
4.84995
4.85054
4.85114
4.85174
4.85233
4.85293
4.85353
4.85412
4.85472
4.85531
4.85591
4.85651
4.8571
4.8577
4.8583
4.85889
4.85949
4.86008
4.86068
4.86128
4.86187
4.86247
4.86307
4.86366
4.86426
4.86485
4.86545
4.86605
4.86664
4.86724
4.86784
4.86843
4.86903
4.86962
4.87022
4.87082
4.87141
4.87201
4.8726
4.8732
4.8738
4.87439
4.87499
4.87559
4.87618
4.87678
4.87737
4.87797
4.87857
4.87916
4.87976
4.88036
4.88095
4.88155
4.88214
4.88274
4.88334
4.88393
4.88453
4.88513
4.88572
4.88632
4.88691
4.88751
4.88811
4.8887
4.8893
4.8899
4.89049
4.89109
4.89168
4.89228
4.89288
4.89347
4.89407
4.89467
4.89526
4.89586
4.89645
4.89705
4.89765
4.89824
4.89884
4.89943
4.90003
4.90063
4.90122
4.90182
4.90242
4.90301
4.90361
4.9042
4.9048
4.9054
4.90599
4.90659
4.90719
4.90778
4.90838
4.90897
4.90957
4.91017
4.91076
4.91136
4.91196
4.91255
4.91315
4.91374
4.91434
4.91494
4.91553
4.91613
4.91673
4.91732
4.91792
4.91851
4.91911
4.91971
4.9203
4.9209
4.9215
4.92209
4.92269
4.92328
4.92388
4.92448
4.92507
4.92567
4.92627
4.92686
4.92746
4.92805
4.92865
4.92925
4.92984
4.93044
4.93103
4.93163
4.93223
4.93282
4.93342
4.93402
4.93461
4.93521
4.9358
4.9364
4.937
4.93759
4.93819
4.93879
4.93938
4.93998
4.94057
4.94117
4.94177
4.94236
4.94296
4.94356
4.94415
4.94475
4.94534
4.94594
4.94654
4.94713
4.94773
4.94833
4.94892
4.94952
4.95011
4.95071
4.95131
4.9519
4.9525
4.9531
4.95369
4.95429
4.95488
4.95548
4.95608
4.95667
4.95727
4.95787
4.95846
4.95906
4.95965
4.96025
4.96085
4.96144
4.96204
4.96264
4.96323
4.96383
4.96442
4.96502
4.96562
4.96621
4.96681
4.96741
4.968
4.9686
4.96919
4.96979
4.97039
4.97098
4.97158
4.97217
4.97277
4.97337
4.97396
4.97456
4.97516
4.97575
4.97635
4.97694
4.97754
4.97814
4.97873
4.97933
4.97993
4.98052
4.98112
4.98171
4.98231
4.98291
4.9835
4.9841
4.9847
4.98529
4.98589
4.98648
4.98708
4.98768
4.98827
4.98887
4.98947
4.99006
4.99066
4.99125
4.99185
4.99245
4.99304
4.99364
4.99424
4.99483
4.99543
4.99602
4.99662
4.99722
4.99781
4.99841
4.99901
4.9996
5.0002
5.00079
5.00139
5.00199
5.00258
5.00318
5.00378
5.00437
5.00497
5.00556
5.00616
5.00676
5.00735
5.00795
5.00855
5.00914
5.00974
5.01033
5.01093
5.01153
5.01212
5.01272
5.01332
5.01391
5.01451
5.0151
5.0157
5.0163
5.01689
5.01749
5.01809
5.01868
5.01928
5.01987
5.02047
5.02107
5.02166
5.02226
5.02286
5.02345
5.02405
5.02464
5.02524
5.02584
5.02643
5.02703
5.02763
5.02822
5.02882
5.02941
5.03001
5.03061
5.0312
5.0318
5.0324
5.03299
5.03359
5.03419
5.03478
5.03538
5.03597
5.03657
5.03717
5.03776
5.03836
5.03896
5.03955
5.04015
5.04074
5.04134
5.04194
5.04253
5.04313
5.04373
5.04432
5.04492
5.04551
5.04611
5.04671
5.0473
5.0479
5.0485
5.04909
5.04969
5.05028
5.05088
5.05148
5.05207
5.05267
5.05327
5.05386
5.05446
5.05505
5.05565
5.05625
5.05684
5.05744
5.05804
5.05863
5.05923
5.05983
5.06042
5.06102
5.06161
5.06221
5.06281
5.0634
5.064
5.0646
5.06519
5.06579
5.06638
5.06698
5.06758
5.06817
5.06877
5.06937
5.06996
5.07056
5.07116
5.07175
5.07235
5.07294
5.07354
5.07414
5.07473
5.07533
5.07593
5.07652
5.07712
5.07771
5.07831
5.07891
5.0795
5.0801
5.0807
5.08129
5.08189
5.08249
5.08308
5.08368
5.08427
5.08487
5.08547
5.08606
5.08666
5.08726
5.08785
5.08845
5.08905
5.08964
5.09024
5.09083
5.09143
5.09203
5.09262
5.09322
5.09382
5.09441
5.09501
5.09561
5.0962
5.0968
5.09739
5.09799
5.09859
5.09918
5.09978
5.10038
5.10097
5.10157
5.10217
5.10276
5.10336
5.10395
5.10455
5.10515
5.10574
5.10634
5.10694
5.10753
5.10813
5.10873
5.10932
5.10992
5.11051
5.11111
5.11171
5.1123
5.1129
5.1135
5.11409
5.11469
5.11529
5.11588
5.11648
5.11707
5.11767
5.11827
5.11886
5.11946
5.12006
5.12065
5.12125
5.12185
5.12244
5.12304
5.12364
5.12423
5.12483
5.12542
5.12602
5.12662
5.12721
5.12781
5.12841
5.129
5.1296
5.1302
5.13079
5.13139
5.13199
5.13258
5.13318
5.13377
5.13437
5.13497
5.13556
5.13616
5.13676
5.13735
5.13795
5.13855
5.13914
5.13974
5.14034
5.14093
5.14153
5.14213
5.14272
5.14332
5.14391
5.14451
5.14511
5.1457
5.1463
5.1469
5.14749
5.14809
5.14869
5.14928
5.14988
5.15048
5.15107
5.15167
5.15227
5.15286
5.15346
5.15405
5.15465
5.15525
5.15584
5.15644
5.15704
5.15763
5.15823
5.15883
5.15942
5.16002
5.16062
5.16121
5.16181
5.16241
5.163
5.1636
5.1642
5.16479
5.16539
5.16599
5.16658
5.16718
5.16777
5.16837
5.16897
5.16956
5.17016
5.17076
5.17135
5.17195
5.17255
5.17314
5.17374
5.17434
5.17493
5.17553
5.17613
5.17672
5.17732
5.17792
5.17851
5.17911
5.17971
5.1803
5.1809
5.1815
5.18209
5.18269
5.18329
5.18388
5.18448
5.18508
5.18567
5.18627
5.18686
5.18746
5.18806
5.18865
5.18925
5.18985
5.19044
5.19104
5.19164
5.19223
5.19283
5.19343
5.19402
5.19462
5.19522
5.19581
5.19641
5.19701
5.1976
5.1982
5.1988
5.19939
5.19999
5.20059
5.20118
5.20178
5.20238
5.20297
5.20357
5.20417
5.20476
5.20536
5.20596
5.20655
5.20715
5.20775
5.20834
5.20894
5.20954
5.21013
5.21073
5.21133
5.21192
5.21252
5.21312
5.21371
5.21431
5.21491
5.2155
5.2161
5.2167
5.21729
5.21789
5.21849
5.21908
5.21968
5.22028
5.22087
5.22147
5.22207
5.22266
5.22326
5.22386
5.22446
5.22505
5.22565
5.22625
5.22684
5.22744
5.22804
5.22863
5.22923
5.22983
5.23042
5.23102
5.23162
5.23221
5.23281
5.23341
5.234
5.2346
5.2352
5.23579
5.23639
5.23699
5.23758
5.23818
5.23878
5.23937
5.23997
5.24057
5.24116
5.24176
5.24236
5.24296
5.24355
5.24415
5.24475
5.24534
5.24594
5.24654
5.24713
5.24773
5.24833
5.24892
5.24952
5.25012
5.25071
5.25131
5.25191
5.2525
5.2531
5.2537
5.25429
5.25489
5.25549
5.25609
5.25668
5.25728
5.25788
5.25847
5.25907
5.25967
5.26026
5.26086
5.26146
5.26205
5.26265
5.26325
5.26384
5.26444
5.26504
5.26564
5.26623
5.26683
5.26743
5.26802
5.26862
5.26922
5.26981
5.27041
5.27101
5.2716
5.2722
5.2728
5.2734
5.27399
5.27459
5.27519
5.27578
5.27638
5.27698
5.27757
5.27817
5.27877
5.27936
5.27996
5.28056
5.28116
5.28175
5.28235
5.28295
5.28354
5.28414
5.28474
5.28533
5.28593
5.28653
5.28713
5.28772
5.28832
5.28892
5.28951
5.29011
5.29071
5.2913
5.2919
5.2925
5.2931
5.29369
5.29429
5.29489
5.29548
5.29608
5.29668
5.29727
5.29787
5.29847
5.29907
5.29966
5.30026
5.30086
5.30145
5.30205
5.30265
5.30325
5.30384
5.30444
5.30504
5.30563
5.30623
5.30683
5.30742
5.30802
5.30862
5.30922
5.30981
5.31041
5.31101
5.3116
5.3122
5.3128
5.3134
5.31399
5.31459
5.31519
5.31578
5.31638
5.31698
5.31758
5.31817
5.31877
5.31937
5.31996
5.32056
5.32116
5.32176
5.32235
5.32295
5.32355
5.32414
5.32474
5.32534
5.32594
5.32653
5.32713
5.32773
5.32832
5.32892
5.32952
5.33012
5.33071
5.33131
5.33191
5.3325
5.3331
5.3337
5.3343
5.33489
5.33549
5.33609
5.33668
5.33728
5.33788
5.33848
5.33907
5.33967
5.34027
5.34087
5.34146
5.34206
5.34266
5.34325
5.34385
5.34445
5.34505
5.34564
5.34624
5.34684
5.34743
5.34803
5.34863
5.34923
5.34982
5.35042
5.35102
5.35162
5.35221
5.35281
5.35341
5.354
5.3546
5.3552
5.3558
5.35639
5.35699
5.35759
5.35819
5.35878
5.35938
5.35998
5.36057
5.36117
5.36177
5.36237
5.36296
5.36356
5.36416
5.36476
5.36535
5.36595
5.36655
5.36715
5.36774
5.36834
5.36894
5.36953
5.37013
5.37073
5.37133
5.37192
5.37252
5.37312
5.37372
5.37431
5.37491
5.37551
5.37611
5.3767
5.3773
5.3779
5.37849
5.37909
5.37969
5.38029
5.38088
5.38148
5.38208
5.38268
5.38327
5.38387
5.38447
5.38507
5.38566
5.38626
5.38686
5.38746
5.38805
5.38865
5.38925
5.38985
5.39044
5.39104
5.39164
5.39223
5.39283
5.39343
5.39403
5.39462
5.39522
5.39582
5.39642
5.39701
5.39761
5.39821
5.39881
5.3994
5.4
5.4006
5.4012
5.40179
5.40239
5.40299
5.40359
5.40418
5.40478
5.40538
5.40598
5.40657
5.40717
5.40777
5.40837
5.40896
5.40956
5.41016
5.41076
5.41135
5.41195
5.41255
5.41315
5.41374
5.41434
5.41494
5.41554
5.41613
5.41673
5.41733
5.41793
5.41852
5.41912
5.41972
5.42032
5.42091
5.42151
5.42211
5.42271
5.4233
5.4239
5.4245
5.4251
5.42569
5.42629
5.42689
5.42749
5.42808
5.42868
5.42928
5.42988
5.43047
5.43107
5.43167
5.43227
5.43286
5.43346
5.43406
5.43466
5.43526
5.43585
5.43645
5.43705
5.43765
5.43824
5.43884
5.43944
5.44004
5.44063
5.44123
5.44183
5.44243
5.44302
5.44362
5.44422
5.44482
5.44541
5.44601
5.44661
5.44721
5.4478
5.4484
5.449
5.4496
5.4502
5.45079
5.45139
5.45199
5.45259
5.45318
5.45378
5.45438
5.45498
5.45557
5.45617
5.45677
5.45737
5.45796
5.45856
5.45916
5.45976
5.46036
5.46095
5.46155
5.46215
5.46275
5.46334
5.46394
5.46454
5.46514
5.46573
5.46633
5.46693
5.46753
5.46812
5.46872
5.46932
5.46992
5.47052
5.47111
5.47171
5.47231
5.47291
5.4735
5.4741
5.4747
5.4753
5.47589
5.47649
5.47709
5.47769
5.47829
5.47888
5.47948
5.48008
5.48068
5.48127
5.48187
5.48247
5.48307
5.48366
5.48426
5.48486
5.48546
5.48606
5.48665
5.48725
5.48785
5.48845
5.48904
5.48964
5.49024
5.49084
5.49144
5.49203
5.49263
5.49323
5.49383
5.49442
5.49502
5.49562
5.49622
5.49681
5.49741
5.49801
5.49861
5.49921
5.4998
5.5004
5.501
5.5016
5.50219
5.50279
5.50339
5.50399
5.50459
5.50518
5.50578
5.50638
5.50698
5.50757
5.50817
5.50877
5.50937
5.50997
5.51056
5.51116
5.51176
5.51236
5.51295
5.51355
5.51415
5.51475
5.51535
5.51594
5.51654
5.51714
5.51774
5.51833
5.51893
5.51953
5.52013
5.52073
5.52132
5.52192
5.52252
5.52312
5.52371
5.52431
5.52491
5.52551
5.52611
5.5267
5.5273
5.5279
5.5285
5.52909
5.52969
5.53029
5.53089
5.53149
5.53208
5.53268
5.53328
5.53388
5.53447
5.53507
5.53567
5.53627
5.53687
5.53746
5.53806
5.53866
5.53926
5.53986
5.54045
5.54105
5.54165
5.54225
5.54284
5.54344
5.54404
5.54464
5.54524
5.54583
5.54643
5.54703
5.54763
5.54822
5.54882
5.54942
5.55002
5.55062
5.55121
5.55181
5.55241
5.55301
5.5536
5.5542
5.5548
5.5554
5.556
5.55659
5.55719
5.55779
