0.000475386
0.000950672
0.00142584
0.00190087
0.00237575
0.00285044
0.00332495
0.00379925
0.00427334
0.00474721
0.00522086
0.00569427
0.00616746
0.00664041
0.00711314
0.00758563
0.0080579
0.00852994
0.00900176
0.0094733
0.00994456
0.0104156
0.0108863
0.0113567
0.0118269
0.0122968
0.0127664
0.0132358
0.0137049
0.0141738
0.0146424
0.0151108
0.0155789
0.0160468
0.0165144
0.0169818
0.017449
0.017916
0.0183828
0.0188493
0.0193156
0.0197818
0.0202477
0.0207135
0.0211791
0.0216445
0.0221097
0.0225747
0.0230396
0.0235043
0.0239689
0.0244331
0.0248972
0.025361
0.0258247
0.0262881
0.0267513
0.0272143
0.0276771
0.0281397
0.0286021
0.0290643
0.0295264
0.0299883
0.03045
0.0309115
0.0313729
0.0318342
0.0322953
0.0327562
0.033217
0.0336777
0.0341382
0.0345986
0.0350589
0.035519
0.0359791
0.036439
0.0368988
0.0373583
0.0378177
0.038277
0.038736
0.0391949
0.0396537
0.0401122
0.0405707
0.041029
0.0414871
0.0419451
0.042403
0.0428607
0.0433183
0.0437758
0.0442331
0.0446903
0.0451475
0.0456045
0.0460614
0.0465182
0.0469749
0.0474315
0.047888
0.0483444
0.0488007
0.049257
0.0497131
0.0501692
0.0506253
0.0510812
0.0515369
0.0519926
0.0524481
0.0529034
0.0533587
0.0538138
0.0542689
0.0547238
0.0551786
0.0556333
0.0560879
0.0565424
0.0569968
0.0574511
0.0579053
0.0583594
0.0588135
0.0592674
0.0597213
0.0601751
0.0606288
0.0610825
0.0615361
0.0619896
0.0624431
0.0628965
0.0633498
0.0638031
0.0642563
0.0647094
0.0651624
0.0656153
0.0660681
0.0665208
0.0669734
0.0674259
0.0678783
0.0683307
0.068783
0.0692352
0.0696873
0.0701393
0.0705913
0.0710432
0.071495
0.0719468
0.0723985
0.0728501
0.0733017
0.0737532
0.0742047
0.0746561
0.0751075
0.0755588
0.07601
0.0764612
0.0769124
0.0773635
0.0778145
0.0782655
0.0787163
0.0791671
0.0796178
0.0800684
0.080519
0.0809695
0.0814199
0.0818702
0.0823204
0.0827706
0.0832207
0.0836708
0.0841208
0.0845707
0.0850205
0.0854703
0.0859201
0.0863697
0.0868193
0.0872689
0.0877184
0.0881678
0.0886172
0.0890666
0.0895158
0.0899651
0.0904142
0.0908634
0.0913124
0.0917613
0.0922102
0.092659
0.0931078
0.0935564
0.094005
0.0944535
0.0949019
0.0953503
0.0957985
0.0962468
0.0966949
0.097143
0.097591
0.0980389
0.0984868
0.0989346
0.0993823
0.09983
0.100278
0.100725
0.101173
0.10162
0.102067
0.102515
0.102962
0.103409
0.103856
0.104303
0.10475
0.105197
0.105644
0.106091
0.106537
0.106984
0.107431
0.107877
0.108323
0.10877
0.109216
0.109662
0.110108
0.110554
0.111
0.111446
0.111892
0.112338
0.112783
0.113229
0.113674
0.11412
0.114565
0.115011
0.115456
0.115901
0.116346
0.116791
0.117236
0.117681
0.118126
0.118571
0.119016
0.11946
0.119905
0.12035
0.120794
0.121239
0.121683
0.122127
0.122572
0.123016
0.12346
0.123904
0.124348
0.124792
0.125235
0.125679
0.126123
0.126566
0.12701
0.127453
0.127897
0.12834
0.128783
0.129227
0.12967
0.130113
0.130556
0.130999
0.131442
0.131885
0.132327
0.13277
0.133213
0.133655
0.134098
0.13454
0.134983
0.135425
0.135867
0.13631
0.136752
0.137194
0.137636
0.138078
0.13852
0.138962
0.139404
0.139845
0.140287
0.140729
0.14117
0.141612
0.142053
0.142494
0.142936
0.143377
0.143818
0.144259
0.1447
0.145141
0.145582
0.146023
0.146464
0.146905
0.147346
0.147786
0.148227
0.148667
0.149108
0.149548
0.149989
0.150429
0.150869
0.15131
0.15175
0.15219
0.15263
0.15307
0.15351
0.15395
0.15439
0.154829
0.155269
0.155709
0.156148
0.156588
0.157027
0.157467
0.157906
0.158346
0.158785
0.159224
0.159663
0.160102
0.160541
0.16098
0.161419
0.161858
0.162297
0.162735
0.163174
0.163613
0.164051
0.16449
0.164928
0.165367
0.165805
0.166243
0.166682
0.16712
0.167558
0.167996
0.168434
0.168872
0.16931
0.169748
0.170185
0.170623
0.171061
0.171499
0.171936
0.172374
0.172811
0.173249
0.173686
0.174123
0.174561
0.174998
0.175435
0.175872
0.176309
0.176746
0.177183
0.17762
0.178057
0.178494
0.17893
0.179367
0.179804
0.18024
0.180677
0.181113
0.181549
0.181986
0.182422
0.182858
0.183295
0.183731
0.184167
0.184603
0.185039
0.185475
0.185911
0.186346
0.186782
0.187218
0.187654
0.188089
0.188525
0.18896
0.189396
0.189831
0.190266
0.190702
0.191137
0.191572
0.192008
0.192443
0.192878
0.193313
0.193748
0.194183
0.194618
0.195052
0.195487
0.195922
0.196357
0.196791
0.197226
0.19766
0.198095
0.198529
0.198964
0.199398
0.199832
0.200267
0.200701
0.201135
0.201569
0.202003
0.202437
0.202871
0.203305
0.203739
0.204172
0.204606
0.20504
0.205474
0.205907
0.206341
0.206774
0.207208
0.207641
0.208075
0.208508
0.208941
0.209375
0.209808
0.210241
0.210674
0.211107
0.21154
0.211973
0.212406
0.212839
0.213272
0.213705
0.214138
0.214571
0.215004
0.215436
0.215869
0.216302
0.216734
0.217167
0.217599
0.218032
0.218464
0.218896
0.219329
0.219761
0.220193
0.220626
0.221058
0.22149
0.221922
0.222354
0.222786
0.223218
0.22365
0.224082
0.224514
0.224946
0.225378
0.225809
0.226241
0.226673
0.227105
0.227536
0.227968
0.228399
0.228831
0.229262
0.229694
0.230125
0.230557
0.230988
0.231419
0.231851
0.232282
0.232713
0.233144
0.233576
0.234007
0.234438
0.234869
0.2353
0.235731
0.236162
0.236593
0.237024
0.237455
0.237885
0.238316
0.238747
0.239178
0.239608
0.240039
0.24047
0.2409
0.241331
0.241762
0.242192
0.242622
0.243053
0.243483
0.243914
0.244344
0.244774
0.245205
0.245635
0.246065
0.246495
0.246925
0.247355
0.247785
0.248215
0.248645
0.249075
0.249505
0.249935
0.250365
0.250795
0.251225
0.251654
0.252084
0.252514
0.252943
0.253373
0.253803
0.254232
0.254662
0.255091
0.255521
0.25595
0.256379
0.256809
0.257238
0.257667
0.258097
0.258526
0.258955
0.259384
0.259813
0.260242
0.260671
0.2611
0.261529
0.261958
0.262387
0.262816
0.263245
0.263673
0.264102
0.264531
0.26496
0.265388
0.265817
0.266245
0.266674
0.267102
0.267531
0.267959
0.268388
0.268816
0.269244
0.269673
0.270101
0.270529
0.270958
0.271386
0.271814
0.272242
0.27267
0.273098
0.273526
0.273954
0.274382
0.27481
0.275238
0.275666
0.276093
0.276521
0.276949
0.277377
0.277804
0.278232
0.27866
0.279087
0.279515
0.279942
0.28037
0.280797
0.281225
0.281652
0.28208
0.282507
0.282934
0.283362
0.283789
0.284216
0.284643
0.28507
0.285498
0.285925
0.286352
0.286779
0.287206
0.287633
0.28806
0.288487
0.288914
0.28934
0.289767
0.290194
0.290621
0.291048
0.291474
0.291901
0.292328
0.292754
0.293181
0.293607
0.294034
0.29446
0.294887
0.295313
0.29574
0.296166
0.296593
0.297019
0.297445
0.297871
0.298298
0.298724
0.29915
0.299576
0.300002
0.300428
0.300854
0.30128
0.301706
0.302132
0.302558
0.302984
0.30341
0.303836
0.304262
0.304687
0.305113
0.305539
0.305964
0.30639
0.306816
0.307241
0.307667
0.308092
0.308518
0.308943
0.309369
0.309794
0.31022
0.310645
0.31107
0.311496
0.311921
0.312346
0.312771
0.313197
0.313622
0.314047
0.314472
0.314897
0.315322
0.315747
0.316172
0.316597
0.317022
0.317447
0.317872
0.318297
0.318722
0.319146
0.319571
0.319996
0.320421
0.320845
0.32127
0.321695
0.322119
0.322544
0.322968
0.323393
0.323817
0.324242
0.324666
0.325091
0.325515
0.325939
0.326364
0.326788
0.327212
0.327637
0.328061
0.328485
0.328909
0.329333
0.329758
0.330182
0.330606
0.33103
0.331454
0.331878
0.332302
0.332726
0.33315
0.333574
0.333997
0.334421
0.334845
0.335269
0.335693
0.336116
0.33654
0.336964
0.337387
0.337811
0.338235
0.338658
0.339082
0.339505
0.339929
0.340352
0.340776
0.341199
0.341623
0.342046
0.342469
0.342893
0.343316
0.343739
0.344162
0.344586
0.345009
0.345432
0.345855
0.346278
0.346701
0.347125
0.347548
0.347971
0.348394
0.348817
0.34924
0.349662
0.350085
0.350508
0.350931
0.351354
0.351777
0.3522
0.352622
0.353045
0.353468
0.35389
0.354313
0.354736
0.355158
0.355581
0.356004
0.356426
0.356849
0.357271
0.357694
0.358116
0.358538
0.358961
0.359383
0.359806
0.360228
0.36065
0.361073
0.361495
0.361917
0.362339
0.362761
0.363184
0.363606
0.364028
0.36445
0.364872
0.365294
0.365716
0.366138
0.36656
0.366982
0.367404
0.367826
0.368248
0.36867
0.369092
0.369513
0.369935
0.370357
0.370779
0.3712
0.371622
0.372044
0.372466
0.372887
0.373309
0.37373
0.374152
0.374574
0.374995
0.375417
0.375838
0.37626
0.376681
0.377102
0.377524
0.377945
0.378367
0.378788
0.379209
0.37963
0.380052
0.380473
0.380894
0.381315
0.381737
0.382158
0.382579
0.383
0.383421
0.383842
0.384263
0.384684
0.385105
0.385526
0.385947
0.386368
0.386789
0.38721
0.387631
0.388052
0.388473
0.388893
0.389314
0.389735
0.390156
0.390576
0.390997
0.391418
0.391839
0.392259
0.39268
0.3931
0.393521
0.393942
0.394362
0.394783
0.395203
0.395624
0.396044
0.396465
0.396885
0.397305
0.397726
0.398146
0.398566
0.398987
0.399407
0.399827
0.400248
0.400668
0.401088
0.401508
0.401928
0.402349
0.402769
0.403189
0.403609
0.404029
0.404449
0.404869
0.405289
0.405709
0.406129
0.406549
0.406969
0.407389
0.407808
0.408228
0.408648
0.409068
0.409488
0.409907
0.410327
0.410747
0.411167
0.411586
0.412006
0.412425
0.412845
0.413265
0.413684
0.414104
0.414523
0.414943
0.415362
0.415782
0.416201
0.416621
0.41704
0.417459
0.417879
0.418298
0.418717
0.419137
0.419556
0.419975
0.420394
0.420813
0.421233
0.421652
0.422071
0.42249
0.422909
0.423328
0.423747
0.424166
0.424585
0.425004
0.425423
0.425842
0.426261
0.42668
0.427099
0.427518
0.427937
0.428356
0.428774
0.429193
0.429612
0.430031
0.430449
0.430868
0.431287
0.431705
0.432124
0.432543
0.432961
0.43338
0.433799
0.434217
0.434636
0.435054
0.435473
0.435891
0.43631
0.436728
0.437146
0.437565
0.437983
0.438402
0.43882
0.439238
0.439656
0.440075
0.440493
0.440911
0.441329
0.441748
0.442166
0.442584
0.443002
0.44342
0.443838
0.444257
0.444675
0.445093
0.445511
0.445929
0.446347
0.446765
0.447183
0.447601
0.448018
0.448436
0.448854
0.449272
0.44969
0.450108
0.450526
0.450943
0.451361
0.451779
0.452197
0.452614
0.453032
0.45345
0.453867
0.454285
0.454703
0.45512
0.455538
0.455955
0.456373
0.45679
0.457208
0.457625
0.458043
0.45846
0.458878
0.459295
0.459713
0.46013
0.460547
0.460965
0.461382
0.461799
0.462217
0.462634
0.463051
0.463468
0.463886
0.464303
0.46472
0.465137
0.465554
0.465972
0.466389
0.466806
0.467223
0.46764
0.468057
0.468474
0.468891
0.469308
0.469725
0.470142
0.470559
0.470976
0.471393
0.471809
0.472226
0.472643
0.47306
0.473477
0.473894
0.47431
0.474727
0.475144
0.475561
0.475977
0.476394
0.476811
0.477227
0.477644
0.478061
0.478477
0.478894
0.479311
0.479727
0.480144
0.48056
0.480977
0.481393
0.48181
0.482226
0.482643
0.483059
0.483475
0.483892
0.484308
0.484725
0.485141
0.485557
0.485974
0.48639
0.486806
0.487222
0.487639
0.488055
0.488471
0.488887
0.489303
0.48972
0.490136
0.490552
0.490968
0.491384
0.4918
0.492216
0.492632
0.493048
0.493464
0.49388
0.494296
0.494712
0.495128
0.495544
0.49596
0.496376
0.496792
0.497208
0.497624
0.49804
0.498456
0.498871
0.499287
0.499703
0.500119
0.500535
0.50095
0.501366
0.501782
0.502197
0.502613
0.503029
0.503444
0.50386
0.504276
0.504691
0.505107
0.505522
0.505938
0.506354
0.506769
0.507185
0.5076
0.508016
0.508431
0.508846
0.509262
0.509677
0.510093
0.510508
0.510924
0.511339
0.511754
0.51217
0.512585
0.513
0.513415
0.513831
0.514246
0.514661
0.515076
0.515492
0.515907
0.516322
0.516737
0.517152
0.517567
0.517983
0.518398
0.518813
0.519228
0.519643
0.520058
0.520473
0.520888
0.521303
0.521718
0.522133
0.522548
0.522963
0.523378
0.523793
0.524208
0.524623
0.525037
0.525452
0.525867
0.526282
0.526697
0.527112
0.527526
0.527941
0.528356
0.528771
0.529185
0.5296
0.530015
0.53043
0.530844
0.531259
0.531674
0.532088
0.532503
0.532917
0.533332
0.533747
0.534161
0.534576
0.53499
0.535405
0.535819
0.536234
0.536648
0.537063
0.537477
0.537891
0.538306
0.53872
0.539135
0.539549
0.539963
0.540378
0.540792
0.541206
0.541621
0.542035
0.542449
0.542863
0.543278
0.543692
0.544106
0.54452
0.544934
0.545349
0.545763
0.546177
0.546591
0.547005
0.547419
0.547833
0.548247
0.548661
0.549076
0.54949
0.549904
0.550318
0.550732
0.551146
0.55156
0.551973
0.552387
0.552801
0.553215
0.553629
0.554043
0.554457
0.554871
0.555285
0.555698
0.556112
0.556526
0.55694
0.557354
0.557767
0.558181
0.558595
0.559009
0.559422
0.559836
0.56025
0.560663
0.561077
0.561491
0.561904
0.562318
0.562732
0.563145
0.563559
0.563972
0.564386
0.5648
0.565213
0.565627
0.56604
0.566454
0.566867
0.567281
0.567694
0.568107
0.568521
0.568934
0.569348
0.569761
0.570174
0.570588
0.571001
0.571414
0.571828
0.572241
0.572654
0.573068
0.573481
0.573894
0.574308
0.574721
0.575134
0.575547
0.57596
0.576374
0.576787
0.5772
0.577613
0.578026
0.578439
0.578852
0.579266
0.579679
0.580092
0.580505
0.580918
0.581331
0.581744
0.582157
0.58257
0.582983
0.583396
0.583809
0.584222
0.584635
0.585048
0.585461
0.585873
0.586286
0.586699
0.587112
0.587525
0.587938
0.588351
0.588763
0.589176
0.589589
0.590002
0.590415
0.590827
0.59124
0.591653
0.592066
0.592478
0.592891
0.593304
0.593716
0.594129
0.594542
0.594954
0.595367
0.59578
0.596192
0.596605
0.597017
0.59743
0.597843
0.598255
0.598668
0.59908
0.599493
0.599905
0.600318
0.60073
0.601143
0.601555
0.601968
0.60238
0.602793
0.603205
0.603617
0.60403
0.604442
0.604855
0.605267
0.605679
0.606092
0.606504
0.606916
0.607329
0.607741
0.608153
0.608565
0.608978
0.60939
0.609802
0.610214
0.610627
0.611039
0.611451
0.611863
0.612275
0.612688
0.6131
0.613512
0.613924
0.614336
0.614748
0.61516
0.615572
0.615984
0.616397
0.616809
0.617221
0.617633
0.618045
0.618457
0.618869
0.619281
0.619693
0.620105
0.620517
0.620929
0.621341
0.621752
0.622164
0.622576
0.622988
0.6234
0.623812
0.624224
0.624636
0.625047
0.625459
0.625871
0.626283
0.626695
0.627107
0.627518
0.62793
0.628342
0.628754
0.629165
0.629577
0.629989
0.630401
0.630812
0.631224
0.631636
0.632047
0.632459
0.632871
0.633282
0.633694
0.634106
0.634517
0.634929
0.63534
0.635752
0.636164
0.636575
0.636987
0.637398
0.63781
0.638221
0.638633
0.639044
0.639456
0.639867
0.640279
0.64069
0.641102
0.641513
0.641925
0.642336
0.642747
0.643159
0.64357
0.643982
0.644393
0.644804
0.645216
0.645627
0.646038
0.64645
0.646861
0.647272
0.647684
0.648095
0.648506
0.648917
0.649329
0.64974
0.650151
0.650562
0.650974
0.651385
0.651796
0.652207
0.652618
0.65303
0.653441
0.653852
0.654263
0.654674
0.655085
0.655496
0.655907
0.656319
0.65673
0.657141
0.657552
0.657963
0.658374
0.658785
0.659196
0.659607
0.660018
0.660429
0.66084
0.661251
0.661662
0.662073
0.662484
0.662895
0.663306
0.663717
0.664128
0.664539
0.66495
0.665361
0.665771
0.666182
0.666593
0.667004
0.667415
0.667826
0.668237
0.668647
0.669058
0.669469
0.66988
0.670291
0.670701
0.671112
0.671523
0.671934
0.672345
0.672755
0.673166
0.673577
0.673987
0.674398
0.674809
0.67522
0.67563
0.676041
0.676452
0.676862
0.677273
0.677683
0.678094
0.678505
0.678915
0.679326
0.679736
0.680147
0.680558
0.680968
0.681379
0.681789
0.6822
0.68261
0.683021
0.683431
0.683842
0.684252
0.684663
0.685073
0.685484
0.685894
0.686305
0.686715
0.687126
0.687536
0.687947
0.688357
0.688767
0.689178
0.689588
0.689998
0.690409
0.690819
0.69123
0.69164
0.69205
0.692461
0.692871
0.693281
0.693692
0.694102
0.694512
0.694922
0.695333
0.695743
0.696153
0.696563
0.696974
0.697384
0.697794
0.698204
0.698615
0.699025
0.699435
0.699845
0.700255
0.700665
0.701076
0.701486
0.701896
0.702306
0.702716
0.703126
0.703536
0.703946
0.704357
0.704767
0.705177
0.705587
0.705997
0.706407
0.706817
0.707227
0.707637
0.708047
0.708457
0.708867
0.709277
0.709687
0.710097
0.710507
0.710917
0.711327
0.711737
0.712147
0.712557
0.712966
0.713376
0.713786
0.714196
0.714606
0.715016
0.715426
0.715836
0.716246
0.716655
0.717065
0.717475
0.717885
0.718295
0.718704
0.719114
0.719524
0.719934
0.720344
0.720753
0.721163
0.721573
0.721983
0.722392
0.722802
0.723212
0.723622
0.724031
0.724441
0.724851
0.72526
0.72567
0.72608
0.726489
0.726899
0.727309
0.727718
0.728128
0.728538
0.728947
0.729357
0.729766
0.730176
0.730586
0.730995
0.731405
0.731814
0.732224
0.732634
0.733043
0.733453
0.733862
0.734272
0.734681
0.735091
0.7355
0.73591
0.736319
0.736729
0.737138
0.737548
0.737957
0.738367
0.738776
0.739185
0.739595
0.740004
0.740414
0.740823
0.741233
0.741642
0.742051
0.742461
0.74287
0.743279
0.743689
0.744098
0.744507
0.744917
0.745326
0.745735
0.746145
0.746554
0.746963
0.747373
0.747782
0.748191
0.748601
0.74901
0.749419
0.749828
0.750238
0.750647
0.751056
0.751465
0.751875
0.752284
0.752693
0.753102
0.753511
0.753921
0.75433
0.754739
0.755148
0.755557
0.755966
0.756376
0.756785
0.757194
0.757603
0.758012
0.758421
0.75883
0.759239
0.759649
0.760058
0.760467
0.760876
0.761285
0.761694
0.762103
0.762512
0.762921
0.76333
0.763739
0.764148
0.764557
0.764966
0.765375
0.765784
0.766193
0.766602
0.767011
0.76742
0.767829
0.768238
0.768647
0.769056
0.769465
0.769874
0.770283
0.770692
0.771101
0.77151
0.771919
0.772328
0.772736
0.773145
0.773554
0.773963
0.774372
0.774781
0.77519
0.775599
0.776007
0.776416
0.776825
0.777234
0.777643
0.778052
0.77846
0.778869
0.779278
0.779687
0.780096
0.780504
0.780913
0.781322
0.781731
0.782139
0.782548
0.782957
0.783366
0.783774
0.784183
0.784592
0.785001
0.785409
0.785818
0.786227
0.786635
0.787044
0.787453
0.787861
0.78827
0.788679
0.789087
0.789496
0.789905
0.790313
0.790722
0.791131
0.791539
0.791948
0.792357
0.792765
0.793174
0.793582
0.793991
0.7944
0.794808
0.795217
0.795625
0.796034
0.796442
0.796851
0.79726
0.797668
0.798077
0.798485
0.798894
0.799302
0.799711
0.800119
0.800528
0.800936
0.801345
0.801753
0.802162
0.80257
0.802979
0.803387
0.803796
0.804204
0.804613
0.805021
0.80543
0.805838
0.806247
0.806655
0.807063
0.807472
0.80788
0.808289
0.808697
0.809105
0.809514
0.809922
0.810331
0.810739
0.811147
0.811556
0.811964
0.812373
0.812781
0.813189
0.813598
0.814006
0.814414
0.814823
0.815231
0.815639
0.816048
0.816456
0.816864
0.817273
0.817681
0.818089
0.818497
0.818906
0.819314
0.819722
0.820131
0.820539
0.820947
0.821355
0.821764
0.822172
0.82258
0.822988
0.823397
0.823805
0.824213
0.824621
0.825029
0.825438
0.825846
0.826254
0.826662
0.82707
0.827479
0.827887
0.828295
0.828703
0.829111
0.829519
0.829928
0.830336
0.830744
0.831152
0.83156
0.831968
0.832377
0.832785
0.833193
0.833601
0.834009
0.834417
0.834825
0.835233
0.835642
0.83605
0.836458
0.836866
0.837274
0.837682
0.83809
0.838498
0.838906
0.839314
0.839722
0.84013
0.840539
0.840947
0.841355
0.841763
0.842171
0.842579
0.842987
0.843395
0.843803
0.844211
0.844619
0.845027
0.845435
0.845843
0.846251
0.846659
0.847067
0.847475
0.847883
0.848291
0.848699
0.849107
0.849515
0.849923
0.850331
0.850739
0.851147
0.851555
0.851963
0.85237
0.852778
0.853186
0.853594
0.854002
0.85441
0.854818
0.855226
0.855634
0.856042
0.85645
0.856858
0.857265
0.857673
0.858081
0.858489
0.858897
0.859305
0.859713
0.860121
0.860528
0.860936
0.861344
0.861752
0.86216
0.862568
0.862976
0.863383
0.863791
0.864199
0.864607
0.865015
0.865423
0.86583
0.866238
0.866646
0.867054
0.867462
0.867869
0.868277
0.868685
0.869093
0.869501
0.869908
0.870316
0.870724
0.871132
0.87154
0.871947
0.872355
0.872763
0.873171
0.873578
0.873986
0.874394
0.874802
0.875209
0.875617
0.876025
0.876433
0.87684
0.877248
0.877656
0.878064
0.878471
0.878879
0.879287
0.879694
0.880102
0.88051
0.880918
0.881325
0.881733
0.882141
0.882548
0.882956
0.883364
0.883771
0.884179
0.884587
0.884995
0.885402
0.88581
0.886218
0.886625
0.887033
0.887441
0.887848
0.888256
0.888663
0.889071
0.889479
0.889886
0.890294
0.890702
0.891109
0.891517
0.891925
0.892332
0.89274
0.893147
0.893555
0.893963
0.89437
0.894778
0.895185
0.895593
0.896001
0.896408
0.896816
0.897223
0.897631
0.898039
0.898446
0.898854
0.899261
0.899669
0.900076
0.900484
0.900891
0.901299
0.901707
0.902114
0.902522
0.902929
0.903337
0.903744
0.904152
0.904559
0.904967
0.905374
0.905782
0.906189
0.906597
0.907004
0.907412
0.907819
0.908227
0.908634
0.909042
0.909449
0.909857
0.910264
0.910672
0.911079
0.911487
0.911894
0.912302
0.912709
0.913117
0.913524
0.913932
0.914339
0.914747
0.915154
0.915561
0.915969
0.916376
0.916784
0.917191
0.917599
0.918006
0.918413
0.918821
0.919228
0.919636
0.920043
0.920451
0.920858
0.921265
0.921673
0.92208
0.922488
0.922895
0.923302
0.92371
0.924117
0.924525
0.924932
0.925339
0.925747
0.926154
0.926561
0.926969
0.927376
0.927783
0.928191
0.928598
0.929006
0.929413
0.92982
0.930228
0.930635
0.931042
0.93145
0.931857
0.932264
0.932671
0.933079
0.933486
0.933893
0.934301
0.934708
0.935115
0.935523
0.93593
0.936337
0.936744
0.937152
0.937559
0.937966
0.938373
0.938781
0.939188
0.939595
0.940003
0.94041
0.940817
0.941224
0.941631
0.942039
0.942446
0.942853
0.94326
0.943668
0.944075
0.944482
0.944889
0.945296
0.945704
0.946111
0.946518
0.946925
0.947332
0.94774
0.948147
0.948554
0.948961
0.949368
0.949775
0.950183
0.95059
0.950997
0.951404
0.951811
0.952218
0.952626
0.953033
0.95344
0.953847
0.954254
0.954661
0.955068
0.955475
0.955883
0.95629
0.956697
0.957104
0.957511
0.957918
0.958325
0.958732
0.959139
0.959546
0.959954
0.960361
0.960768
0.961175
0.961582
0.961989
0.962396
0.962803
0.96321
0.963617
0.964024
0.964431
0.964838
0.965245
0.965652
0.966059
0.966466
0.966873
0.96728
0.967687
0.968094
0.968501
0.968908
0.969315
0.969722
0.970129
0.970536
0.970943
0.97135
0.971757
0.972164
0.972571
0.972978
0.973385
0.973792
0.974199
0.974606
0.975013
0.97542
0.975827
0.976234
0.976641
0.977048
0.977454
0.977861
0.978268
0.978675
0.979082
0.979489
0.979896
0.980303
0.98071
0.981117
0.981523
0.98193
0.982337
0.982744
0.983151
0.983558
0.983964
0.984371
0.984778
0.985185
0.985592
0.985999
0.986405
0.986812
0.987219
0.987626
0.988033
0.988439
0.988846
0.989253
0.98966
0.990067
0.990473
0.99088
0.991287
0.991694
0.9921
0.992507
0.992914
0.99332
0.993727
0.994134
0.994541
0.994947
0.995354
0.995761
0.996167
0.996574
0.996981
0.997387
0.997794
0.998201
0.998607
0.999014
0.999421
0.999827
1.00023
1.00064
1.00105
1.00145
1.00186
1.00227
1.00267
1.00308
1.00349
1.00389
1.0043
1.00471
1.00511
1.00552
1.00593
1.00633
1.00674
1.00715
1.00755
1.00796
1.00837
1.00877
1.00918
1.00959
1.00999
1.0104
1.0108
1.01121
1.01162
1.01202
1.01243
1.01284
1.01324
1.01365
1.01406
1.01446
1.01487
1.01528
1.01568
1.01609
1.01649
1.0169
1.01731
1.01771
1.01812
1.01853
1.01893
1.01934
1.01975
1.02015
1.02056
1.02097
1.02137
1.02178
1.02218
1.02259
1.023
1.0234
1.02381
1.02422
1.02462
1.02503
1.02543
1.02584
1.02625
1.02665
1.02706
1.02747
1.02787
1.02828
1.02868
1.02909
1.0295
1.0299
1.03031
1.03071
1.03112
1.03153
1.03193
1.03234
1.03275
1.03315
1.03356
1.03396
1.03437
1.03478
1.03518
1.03559
1.03599
1.0364
1.03681
1.03721
1.03762
1.03802
1.03843
1.03884
1.03924
1.03965
1.04005
1.04046
1.04087
1.04127
1.04168
1.04208
1.04249
1.0429
1.0433
1.04371
1.04411
1.04452
1.04492
1.04533
1.04574
1.04614
1.04655
1.04695
1.04736
1.04777
1.04817
1.04858
1.04898
1.04939
1.04979
1.0502
1.05061
1.05101
1.05142
1.05182
1.05223
1.05263
1.05304
1.05345
1.05385
1.05426
1.05466
1.05507
1.05547
1.05588
1.05628
1.05669
1.0571
1.0575
1.05791
1.05831
1.05872
1.05912
1.05953
1.05993
1.06034
1.06075
1.06115
1.06156
1.06196
1.06237
1.06277
1.06318
1.06358
1.06399
1.06439
1.0648
1.0652
1.06561
1.06602
1.06642
1.06683
1.06723
1.06764
1.06804
1.06845
1.06885
1.06926
1.06966
1.07007
1.07047
1.07088
1.07128
1.07169
1.07209
1.0725
1.0729
1.07331
1.07371
1.07412
1.07452
1.07493
1.07533
1.07574
1.07614
1.07655
1.07695
1.07736
1.07776
1.07817
1.07857
1.07898
1.07938
1.07979
1.08019
1.0806
1.081
1.08141
1.08181
1.08222
1.08262
1.08303
1.08343
1.08384
1.08424
1.08464
1.08505
1.08545
1.08586
1.08626
1.08667
1.08707
1.08748
1.08788
1.08829
1.08869
1.0891
1.0895
1.0899
1.09031
1.09071
1.09112
1.09152
1.09193
1.09233
1.09274
1.09314
1.09354
1.09395
1.09435
1.09476
1.09516
1.09557
1.09597
1.09637
1.09678
1.09718
1.09759
1.09799
1.0984
1.0988
1.0992
1.09961
1.10001
1.10042
1.10082
1.10122
1.10163
1.10203
1.10244
1.10284
1.10324
1.10365
1.10405
1.10446
1.10486
1.10526
1.10567
1.10607
1.10648
1.10688
1.10728
1.10769
1.10809
1.10849
1.1089
1.1093
1.1097
1.11011
1.11051
1.11092
1.11132
1.11172
1.11213
1.11253
1.11293
1.11334
1.11374
1.11414
1.11455
1.11495
1.11535
1.11576
1.11616
1.11656
1.11697
1.11737
1.11777
1.11818
1.11858
1.11898
1.11939
1.11979
1.12019
1.1206
1.121
1.1214
1.12181
1.12221
1.12261
1.12302
1.12342
1.12382
1.12422
1.12463
1.12503
1.12543
1.12584
1.12624
1.12664
1.12704
1.12745
1.12785
1.12825
1.12866
1.12906
1.12946
1.12986
1.13027
1.13067
1.13107
1.13147
1.13188
1.13228
1.13268
1.13308
1.13349
1.13389
1.13429
1.13469
1.1351
1.1355
1.1359
1.1363
1.13671
1.13711
1.13751
1.13791
1.13831
1.13872
1.13912
1.13952
1.13992
1.14032
1.14073
1.14113
1.14153
1.14193
1.14233
1.14274
1.14314
1.14354
1.14394
1.14434
1.14475
1.14515
1.14555
1.14595
1.14635
1.14675
1.14716
1.14756
1.14796
1.14836
1.14876
1.14916
1.14957
1.14997
1.15037
1.15077
1.15117
1.15157
1.15197
1.15238
1.15278
1.15318
1.15358
1.15398
1.15438
1.15478
1.15518
1.15558
1.15599
1.15639
1.15679
1.15719
1.15759
1.15799
1.15839
1.15879
1.15919
1.15959
1.15999
1.1604
1.1608
1.1612
1.1616
1.162
1.1624
1.1628
1.1632
1.1636
1.164
1.1644
1.1648
1.1652
1.1656
1.166
1.1664
1.1668
1.1672
1.16761
1.16801
1.16841
1.16881
1.16921
1.16961
1.17001
1.17041
1.17081
1.17121
1.17161
1.17201
1.17241
1.17281
1.17321
1.17361
1.17401
1.17441
1.17481
1.17521
1.1756
1.176
1.1764
1.1768
1.1772
1.1776
1.178
1.1784
1.1788
1.1792
1.1796
1.18
1.1804
1.1808
1.1812
1.1816
1.182
1.1824
1.18279
1.18319
1.18359
1.18399
1.18439
1.18479
1.18519
1.18559
1.18599
1.18639
1.18679
1.18718
1.18758
1.18798
1.18838
1.18878
1.18918
1.18958
1.18998
1.19037
1.19077
1.19117
1.19157
1.19197
1.19237
1.19277
1.19316
1.19356
1.19396
1.19436
1.19476
1.19516
1.19555
1.19595
1.19635
1.19675
1.19715
1.19754
1.19794
1.19834
1.19874
1.19914
1.19953
1.19993
1.20033
1.20073
1.20113
1.20152
1.20192
1.20232
1.20272
1.20311
1.20351
1.20391
1.20431
1.20471
1.2051
1.2055
1.2059
1.2063
1.20669
1.20709
1.20749
1.20788
1.20828
1.20868
1.20908
1.20947
1.20987
1.21027
1.21067
1.21106
1.21146
1.21186
1.21225
1.21265
1.21305
1.21344
1.21384
1.21424
1.21464
1.21503
1.21543
1.21583
1.21622
1.21662
1.21702
1.21741
1.21781
1.21821
1.2186
1.219
1.2194
1.21979
1.22019
1.22058
1.22098
1.22138
1.22177
1.22217
1.22257
1.22296
1.22336
1.22375
1.22415
1.22455
1.22494
1.22534
1.22573
1.22613
1.22653
1.22692
1.22732
1.22771
1.22811
1.22851
1.2289
1.2293
1.22969
1.23009
1.23049
1.23088
1.23128
1.23167
1.23207
1.23246
1.23286
1.23325
1.23365
1.23405
1.23444
1.23484
1.23523
1.23563
1.23602
1.23642
1.23681
1.23721
1.2376
1.238
1.23839
1.23879
1.23918
1.23958
1.23997
1.24037
1.24076
1.24116
1.24155
1.24195
1.24234
1.24274
1.24313
1.24353
1.24392
1.24432
1.24471
1.24511
1.2455
1.2459
1.24629
1.24668
1.24708
1.24747
1.24787
1.24826
1.24866
1.24905
1.24945
1.24984
1.25023
1.25063
1.25102
1.25142
1.25181
1.25221
1.2526
1.25299
1.25339
1.25378
1.25418
1.25457
1.25496
1.25536
1.25575
1.25615
1.25654
1.25693
1.25733
1.25772
1.25812
1.25851
1.2589
1.2593
1.25969
1.26008
1.26048
1.26087
1.26127
1.26166
1.26205
1.26245
1.26284
1.26323
1.26363
1.26402
1.26441
1.26481
1.2652
1.26559
1.26599
1.26638
1.26677
1.26717
1.26756
1.26795
1.26835
1.26874
1.26913
1.26953
1.26992
1.27031
1.2707
1.2711
1.27149
1.27188
1.27228
1.27267
1.27306
1.27346
1.27385
1.27424
1.27463
1.27503
1.27542
1.27581
1.27621
1.2766
1.27699
1.27738
1.27778
1.27817
1.27856
1.27895
1.27935
1.27974
1.28013
1.28052
1.28092
1.28131
1.2817
1.28209
1.28249
1.28288
1.28327
1.28366
1.28406
1.28445
1.28484
1.28523
1.28562
1.28602
1.28641
1.2868
1.28719
1.28759
1.28798
1.28837
1.28876
1.28915
1.28955
1.28994
1.29033
1.29072
1.29111
1.29151
1.2919
1.29229
1.29268
1.29307
1.29346
1.29386
1.29425
1.29464
1.29503
1.29542
1.29582
1.29621
1.2966
1.29699
1.29738
1.29777
1.29817
1.29856
1.29895
1.29934
1.29973
1.30012
1.30051
1.30091
1.3013
1.30169
1.30208
1.30247
1.30286
1.30325
1.30365
1.30404
1.30443
1.30482
1.30521
1.3056
1.30599
1.30638
1.30678
1.30717
1.30756
1.30795
1.30834
1.30873
1.30912
1.30951
1.3099
1.3103
1.31069
1.31108
1.31147
1.31186
1.31225
1.31264
1.31303
1.31342
1.31381
1.31421
1.3146
1.31499
1.31538
1.31577
1.31616
1.31655
1.31694
1.31733
1.31772
1.31811
1.3185
1.3189
1.31929
1.31968
1.32007
1.32046
1.32085
1.32124
1.32163
1.32202
1.32241
1.3228
1.32319
1.32358
1.32397
1.32436
1.32475
1.32514
1.32554
1.32593
1.32632
1.32671
1.3271
1.32749
1.32788
1.32827
1.32866
1.32905
1.32944
1.32983
1.33022
1.33061
1.331
1.33139
1.33178
1.33217
1.33256
1.33295
1.33334
1.33373
1.33412
1.33451
1.3349
1.33529
1.33568
1.33607
1.33646
1.33685
1.33724
1.33763
1.33802
1.33841
1.3388
1.33919
1.33958
1.33997
1.34036
1.34075
1.34114
1.34153
1.34192
1.34231
1.3427
1.34309
1.34348
1.34387
1.34426
1.34465
1.34504
1.34543
1.34582
1.34621
1.3466
1.34699
1.34738
1.34777
1.34816
1.34855
1.34894
1.34933
1.34972
1.35011
1.3505
1.35089
1.35128
1.35167
1.35206
1.35245
1.35284
1.35323
1.35361
1.354
1.35439
1.35478
1.35517
1.35556
1.35595
1.35634
1.35673
1.35712
1.35751
1.3579
1.35829
1.35868
1.35907
1.35946
1.35985
1.36024
1.36063
1.36102
1.3614
1.36179
1.36218
1.36257
1.36296
1.36335
1.36374
1.36413
1.36452
1.36491
1.3653
1.36569
1.36608
1.36647
1.36686
1.36724
1.36763
1.36802
1.36841
1.3688
1.36919
1.36958
1.36997
1.37036
1.37075
1.37114
1.37153
1.37192
1.3723
1.37269
1.37308
1.37347
1.37386
1.37425
1.37464
1.37503
1.37542
1.37581
1.3762
1.37659
1.37697
1.37736
1.37775
1.37814
1.37853
1.37892
1.37931
1.3797
1.38009
1.38048
1.38087
1.38125
1.38164
1.38203
1.38242
1.38281
1.3832
1.38359
1.38398
1.38437
1.38476
1.38514
1.38553
1.38592
1.38631
1.3867
1.38709
1.38748
1.38787
1.38826
1.38865
1.38903
1.38942
1.38981
1.3902
1.39059
1.39098
1.39137
1.39176
1.39215
1.39253
1.39292
1.39331
1.3937
1.39409
1.39448
1.39487
1.39526
1.39565
1.39603
1.39642
1.39681
1.3972
1.39759
1.39798
1.39837
1.39876
1.39915
1.39953
1.39992
1.40031
1.4007
1.40109
1.40148
1.40187
1.40226
1.40264
1.40303
1.40342
1.40381
1.4042
1.40459
1.40498
1.40537
1.40575
1.40614
1.40653
1.40692
1.40731
1.4077
1.40809
1.40848
1.40886
1.40925
1.40964
1.41003
1.41042
1.41081
1.4112
1.41159
1.41197
1.41236
1.41275
1.41314
1.41353
1.41392
1.41431
1.4147
1.41508
1.41547
1.41586
1.41625
1.41664
1.41703
1.41742
1.4178
1.41819
1.41858
1.41897
1.41936
1.41975
1.42014
1.42053
1.42091
1.4213
1.42169
1.42208
1.42247
1.42286
1.42325
1.42363
1.42402
1.42441
1.4248
1.42519
1.42558
1.42597
1.42636
1.42674
1.42713
1.42752
1.42791
1.4283
1.42869
1.42908
1.42946
1.42985
1.43024
1.43063
1.43102
1.43141
1.4318
1.43219
1.43257
1.43296
1.43335
1.43374
1.43413
1.43452
1.43491
1.43529
1.43568
1.43607
1.43646
1.43685
1.43724
1.43763
1.43801
1.4384
1.43879
1.43918
1.43957
1.43996
1.44035
1.44074
1.44112
1.44151
1.4419
1.44229
1.44268
1.44307
1.44346
1.44384
1.44423
1.44462
1.44501
1.4454
1.44579
1.44618
1.44656
1.44695
1.44734
1.44773
1.44812
1.44851
1.4489
1.44929
1.44967
1.45006
1.45045
1.45084
1.45123
1.45162
1.45201
1.45239
1.45278
1.45317
1.45356
1.45395
1.45434
1.45473
1.45512
1.4555
1.45589
1.45628
1.45667
1.45706
1.45745
1.45784
1.45822
1.45861
1.459
1.45939
1.45978
1.46017
1.46056
1.46095
1.46133
1.46172
1.46211
1.4625
1.46289
1.46328
1.46367
1.46405
1.46444
1.46483
1.46522
1.46561
1.466
1.46639
1.46678
1.46716
1.46755
1.46794
1.46833
1.46872
1.46911
1.4695
1.46989
1.47027
1.47066
1.47105
1.47144
1.47183
1.47222
1.47261
1.473
1.47338
1.47377
1.47416
1.47455
1.47494
1.47533
1.47572
1.47611
1.47649
1.47688
1.47727
1.47766
1.47805
1.47844
1.47883
1.47922
1.4796
1.47999
1.48038
1.48077
1.48116
1.48155
1.48194
1.48233
1.48272
1.4831
1.48349
1.48388
1.48427
1.48466
1.48505
1.48544
1.48583
1.48621
1.4866
1.48699
1.48738
1.48777
1.48816
1.48855
1.48894
1.48933
1.48971
1.4901
1.49049
1.49088
1.49127
1.49166
1.49205
1.49244
1.49283
1.49321
1.4936
1.49399
1.49438
1.49477
1.49516
1.49555
1.49594
1.49633
1.49672
1.4971
1.49749
1.49788
1.49827
1.49866
1.49905
1.49944
1.49983
1.50022
1.50061
1.50099
1.50138
1.50177
1.50216
1.50255
1.50294
1.50333
1.50372
1.50411
1.5045
1.50488
1.50527
1.50566
1.50605
1.50644
1.50683
1.50722
1.50761
1.508
1.50839
1.50878
1.50916
1.50955
1.50994
1.51033
1.51072
1.51111
1.5115
1.51189
1.51228
1.51267
1.51306
1.51345
1.51383
1.51422
1.51461
1.515
1.51539
1.51578
1.51617
1.51656
1.51695
1.51734
1.51773
1.51812
1.51851
1.51889
1.51928
1.51967
1.52006
1.52045
1.52084
1.52123
1.52162
1.52201
1.5224
1.52279
1.52318
1.52357
1.52396
1.52435
1.52473
1.52512
1.52551
1.5259
1.52629
1.52668
1.52707
1.52746
1.52785
1.52824
1.52863
1.52902
1.52941
1.5298
1.53019
1.53058
1.53097
1.53135
1.53174
1.53213
1.53252
1.53291
1.5333
1.53369
1.53408
1.53447
1.53486
1.53525
1.53564
1.53603
1.53642
1.53681
1.5372
1.53759
1.53798
1.53837
1.53876
1.53915
1.53954
1.53993
1.54032
1.5407
1.54109
1.54148
1.54187
1.54226
1.54265
1.54304
1.54343
1.54382
1.54421
1.5446
1.54499
1.54538
1.54577
1.54616
1.54655
1.54694
1.54733
1.54772
1.54811
1.5485
1.54889
1.54928
1.54967
1.55006
1.55045
1.55084
1.55123
1.55162
1.55201
1.5524
1.55279
1.55318
1.55357
1.55396
1.55435
1.55474
1.55513
1.55552
1.55591
1.5563
1.55669
1.55708
1.55747
1.55786
1.55825
1.55864
1.55903
1.55942
1.55981
1.5602
1.56059
1.56098
1.56137
1.56176
1.56215
1.56254
1.56293
1.56332
1.56371
1.5641
1.56449
1.56488
1.56527
1.56566
1.56605
1.56644
1.56683
1.56722
1.56761
1.568
1.56839
1.56878
1.56917
1.56956
1.56995
1.57034
1.57073
1.57112
1.57152
1.57191
1.5723
1.57269
1.57308
1.57347
1.57386
1.57425
1.57464
1.57503
1.57542
1.57581
1.5762
1.57659
1.57698
1.57737
1.57776
1.57815
1.57854
1.57893
1.57932
1.57972
1.58011
1.5805
1.58089
1.58128
1.58167
1.58206
1.58245
1.58284
1.58323
1.58362
1.58401
1.5844
1.58479
1.58518
1.58558
1.58597
1.58636
1.58675
1.58714
1.58753
1.58792
1.58831
1.5887
1.58909
1.58948
1.58987
1.59026
1.59066
1.59105
1.59144
1.59183
1.59222
1.59261
1.593
1.59339
1.59378
1.59417
1.59457
1.59496
1.59535
1.59574
1.59613
1.59652
1.59691
1.5973
1.59769
1.59808
1.59848
1.59887
1.59926
1.59965
1.60004
1.60043
1.60082
1.60121
1.60161
1.602
1.60239
1.60278
1.60317
1.60356
1.60395
1.60434
1.60474
1.60513
1.60552
1.60591
1.6063
1.60669
1.60708
1.60747
1.60787
1.60826
1.60865
1.60904
1.60943
1.60982
1.61021
1.61061
1.611
1.61139
1.61178
1.61217
1.61256
1.61296
1.61335
1.61374
1.61413
1.61452
1.61491
1.61531
1.6157
1.61609
1.61648
1.61687
1.61726
1.61766
1.61805
1.61844
1.61883
1.61922
1.61961
1.62001
1.6204
1.62079
1.62118
1.62157
1.62197
1.62236
1.62275
1.62314
1.62353
1.62393
1.62432
1.62471
1.6251
1.62549
1.62588
1.62628
1.62667
1.62706
1.62745
1.62785
1.62824
1.62863
1.62902
1.62941
1.62981
1.6302
1.63059
1.63098
1.63137
1.63177
1.63216
1.63255
1.63294
1.63334
1.63373
1.63412
1.63451
1.6349
1.6353
1.63569
1.63608
1.63647
1.63687
1.63726
1.63765
1.63804
1.63844
1.63883
1.63922
1.63961
1.64001
1.6404
1.64079
1.64118
1.64158
1.64197
1.64236
1.64275
1.64315
1.64354
1.64393
1.64433
1.64472
1.64511
1.6455
1.6459
1.64629
1.64668
1.64707
1.64747
1.64786
1.64825
1.64865
1.64904
1.64943
1.64982
1.65022
1.65061
1.651
1.6514
1.65179
1.65218
1.65257
1.65297
1.65336
1.65375
1.65415
1.65454
1.65493
1.65533
1.65572
1.65611
1.65651
1.6569
1.65729
1.65768
1.65808
1.65847
1.65886
1.65926
1.65965
1.66004
1.66044
1.66083
1.66122
1.66162
1.66201
1.6624
1.6628
1.66319
1.66358
1.66398
1.66437
1.66476
1.66516
1.66555
1.66595
1.66634
1.66673
1.66713
1.66752
1.66791
1.66831
1.6687
1.66909
1.66949
1.66988
1.67027
1.67067
1.67106
1.67146
1.67185
1.67224
1.67264
1.67303
1.67342
1.67382
1.67421
1.67461
1.675
1.67539
1.67579
1.67618
1.67658
1.67697
1.67736
1.67776
1.67815
1.67855
1.67894
1.67933
1.67973
1.68012
1.68052
1.68091
1.6813
1.6817
1.68209
1.68249
1.68288
1.68327
1.68367
1.68406
1.68446
1.68485
1.68525
1.68564
1.68603
1.68643
1.68682
1.68722
1.68761
1.68801
1.6884
1.6888
1.68919
1.68958
1.68998
1.69037
1.69077
1.69116
1.69156
1.69195
1.69235
1.69274
1.69313
1.69353
1.69392
1.69432
1.69471
1.69511
1.6955
1.6959
1.69629
1.69669
1.69708
1.69748
1.69787
1.69827
1.69866
1.69906
1.69945
1.69985
1.70024
1.70064
1.70103
1.70142
1.70182
1.70221
1.70261
1.703
1.7034
1.70379
1.70419
1.70458
1.70498
1.70538
1.70577
1.70617
1.70656
1.70696
1.70735
1.70775
1.70814
1.70854
1.70893
1.70933
1.70972
1.71012
1.71051
1.71091
1.7113
1.7117
1.71209
1.71249
1.71289
1.71328
1.71368
1.71407
1.71447
1.71486
1.71526
1.71565
1.71605
1.71644
1.71684
1.71724
1.71763
1.71803
1.71842
1.71882
1.71921
1.71961
1.72001
1.7204
1.7208
1.72119
1.72159
1.72198
1.72238
1.72278
1.72317
1.72357
1.72396
1.72436
1.72476
1.72515
1.72555
1.72594
1.72634
1.72674
1.72713
1.72753
1.72792
1.72832
1.72872
1.72911
1.72951
1.7299
1.7303
1.7307
1.73109
1.73149
1.73189
1.73228
1.73268
1.73307
1.73347
1.73387
1.73426
1.73466
1.73506
1.73545
1.73585
1.73625
1.73664
1.73704
1.73744
1.73783
1.73823
1.73863
1.73902
1.73942
1.73981
1.74021
1.74061
1.741
1.7414
1.7418
1.74219
1.74259
1.74299
1.74339
1.74378
1.74418
1.74458
1.74497
1.74537
1.74577
1.74616
1.74656
1.74696
1.74735
1.74775
1.74815
1.74855
1.74894
1.74934
1.74974
1.75013
1.75053
1.75093
1.75132
1.75172
1.75212
1.75252
1.75291
1.75331
1.75371
1.75411
1.7545
1.7549
1.7553
1.75569
1.75609
1.75649
1.75689
1.75728
1.75768
1.75808
1.75848
1.75887
1.75927
1.75967
1.76007
1.76046
1.76086
1.76126
1.76166
1.76205
1.76245
1.76285
1.76325
1.76364
1.76404
1.76444
1.76484
1.76524
1.76563
1.76603
1.76643
1.76683
1.76723
1.76762
1.76802
1.76842
1.76882
1.76921
1.76961
1.77001
1.77041
1.77081
1.7712
1.7716
1.772
1.7724
1.7728
1.7732
1.77359
1.77399
1.77439
1.77479
1.77519
1.77558
1.77598
1.77638
1.77678
1.77718
1.77758
1.77797
1.77837
1.77877
1.77917
1.77957
1.77997
1.78037
1.78076
1.78116
1.78156
1.78196
1.78236
1.78276
1.78316
1.78355
1.78395
1.78435
1.78475
1.78515
1.78555
1.78595
1.78634
1.78674
1.78714
1.78754
1.78794
1.78834
1.78874
1.78914
1.78954
1.78993
1.79033
1.79073
1.79113
1.79153
1.79193
1.79233
1.79273
1.79313
1.79353
1.79392
1.79432
1.79472
1.79512
1.79552
1.79592
1.79632
1.79672
1.79712
1.79752
1.79792
1.79832
1.79872
1.79911
1.79951
1.79991
1.80031
1.80071
1.80111
1.80151
1.80191
1.80231
1.80271
1.80311
1.80351
1.80391
1.80431
1.80471
1.80511
1.80551
1.80591
1.80631
1.80671
1.80711
1.80751
1.80791
1.80831
1.8087
1.8091
1.8095
1.8099
1.8103
1.8107
1.8111
1.8115
1.8119
1.8123
1.8127
1.8131
1.8135
1.8139
1.8143
1.8147
1.8151
1.8155
1.8159
1.8163
1.81671
1.81711
1.81751
1.81791
1.81831
1.81871
1.81911
1.81951
1.81991
1.82031
1.82071
1.82111
1.82151
1.82191
1.82231
1.82271
1.82311
1.82351
1.82391
1.82431
1.82471
1.82511
1.82551
1.82591
1.82632
1.82672
1.82712
1.82752
1.82792
1.82832
1.82872
1.82912
1.82952
1.82992
1.83032
1.83072
1.83112
1.83153
1.83193
1.83233
1.83273
1.83313
1.83353
1.83393
1.83433
1.83473
1.83513
1.83554
1.83594
1.83634
1.83674
1.83714
1.83754
1.83794
1.83834
1.83875
1.83915
1.83955
1.83995
1.84035
1.84075
1.84115
1.84155
1.84196
1.84236
1.84276
1.84316
1.84356
1.84396
1.84436
1.84477
1.84517
1.84557
1.84597
1.84637
1.84677
1.84718
1.84758
1.84798
1.84838
1.84878
1.84918
1.84959
1.84999
1.85039
1.85079
1.85119
1.8516
1.852
1.8524
1.8528
1.8532
1.85361
1.85401
1.85441
1.85481
1.85521
1.85562
1.85602
1.85642
1.85682
1.85722
1.85763
1.85803
1.85843
1.85883
1.85923
1.85964
1.86004
1.86044
1.86084
1.86125
1.86165
1.86205
1.86245
1.86286
1.86326
1.86366
1.86406
1.86447
1.86487
1.86527
1.86567
1.86608
1.86648
1.86688
1.86728
1.86769
1.86809
1.86849
1.86889
1.8693
1.8697
1.8701
1.87051
1.87091
1.87131
1.87171
1.87212
1.87252
1.87292
1.87333
1.87373
1.87413
1.87453
1.87494
1.87534
1.87574
1.87615
1.87655
1.87695
1.87736
1.87776
1.87816
1.87857
1.87897
1.87937
1.87977
1.88018
1.88058
1.88098
1.88139
1.88179
1.88219
1.8826
1.883
1.8834
1.88381
1.88421
1.88462
1.88502
1.88542
1.88583
1.88623
1.88663
1.88704
1.88744
1.88784
1.88825
1.88865
1.88905
1.88946
1.88986
1.89027
1.89067
1.89107
1.89148
1.89188
1.89228
1.89269
1.89309
1.8935
1.8939
1.8943
1.89471
1.89511
1.89552
1.89592
1.89632
1.89673
1.89713
1.89754
1.89794
1.89834
1.89875
1.89915
1.89956
1.89996
1.90037
1.90077
1.90117
1.90158
1.90198
1.90239
1.90279
1.9032
1.9036
1.904
1.90441
1.90481
1.90522
1.90562
1.90603
1.90643
1.90684
1.90724
1.90764
1.90805
1.90845
1.90886
1.90926
1.90967
1.91007
1.91048
1.91088
1.91129
1.91169
1.9121
1.9125
1.91291
1.91331
1.91372
1.91412
1.91453
1.91493
1.91534
1.91574
1.91615
1.91655
1.91696
1.91736
1.91777
1.91817
1.91858
1.91898
1.91939
1.91979
1.9202
1.9206
1.92101
1.92141
1.92182
1.92222
1.92263
1.92303
1.92344
1.92384
1.92425
1.92465
1.92506
1.92547
1.92587
1.92628
1.92668
1.92709
1.92749
1.9279
1.9283
1.92871
1.92911
1.92952
1.92993
1.93033
1.93074
1.93114
1.93155
1.93195
1.93236
1.93277
1.93317
1.93358
1.93398
1.93439
1.9348
1.9352
1.93561
1.93601
1.93642
1.93683
1.93723
1.93764
1.93804
1.93845
1.93886
1.93926
1.93967
1.94007
1.94048
1.94089
1.94129
1.9417
1.9421
1.94251
1.94292
1.94332
1.94373
1.94414
1.94454
1.94495
1.94536
1.94576
1.94617
1.94657
1.94698
1.94739
1.94779
1.9482
1.94861
1.94901
1.94942
1.94983
1.95023
1.95064
1.95105
1.95145
1.95186
1.95227
1.95267
1.95308
1.95349
1.95389
1.9543
1.95471
1.95511
1.95552
1.95593
1.95634
1.95674
1.95715
1.95756
1.95796
1.95837
1.95878
1.95918
1.95959
1.96
1.96041
1.96081
1.96122
1.96163
1.96203
1.96244
1.96285
1.96326
1.96366
1.96407
1.96448
1.96489
1.96529
1.9657
1.96611
1.96652
1.96692
1.96733
1.96774
1.96815
1.96855
1.96896
1.96937
1.96978
1.97018
1.97059
1.971
1.97141
1.97181
1.97222
1.97263
1.97304
1.97344
1.97385
1.97426
1.97467
1.97508
1.97548
1.97589
1.9763
1.97671
1.97712
1.97752
1.97793
1.97834
1.97875
1.97916
1.97956
1.97997
1.98038
1.98079
1.9812
1.9816
1.98201
1.98242
1.98283
1.98324
1.98364
1.98405
1.98446
1.98487
1.98528
1.98569
1.98609
1.9865
1.98691
1.98732
1.98773
1.98814
1.98855
1.98895
1.98936
1.98977
1.99018
1.99059
1.991
1.99141
1.99181
1.99222
1.99263
1.99304
1.99345
1.99386
1.99427
1.99467
1.99508
1.99549
1.9959
1.99631
1.99672
1.99713
1.99754
1.99795
1.99835
1.99876
1.99917
1.99958
1.99999
2.0004
2.00081
2.00122
2.00163
2.00204
2.00245
2.00285
2.00326
2.00367
2.00408
2.00449
2.0049
2.00531
2.00572
2.00613
2.00654
2.00695
2.00736
2.00777
2.00818
2.00858
2.00899
2.0094
2.00981
2.01022
2.01063
2.01104
2.01145
2.01186
2.01227
2.01268
2.01309
2.0135
2.01391
2.01432
2.01473
2.01514
2.01555
2.01596
2.01637
2.01678
2.01719
2.0176
2.01801
2.01842
2.01883
2.01924
2.01965
2.02006
2.02047
2.02088
2.02129
2.0217
2.02211
2.02252
2.02293
2.02334
2.02375
2.02416
2.02457
2.02498
2.02539
2.0258
2.02621
2.02662
2.02703
2.02744
2.02785
2.02826
2.02867
2.02908
2.02949
2.0299
2.03031
2.03072
2.03113
2.03154
2.03195
2.03236
2.03278
2.03319
2.0336
2.03401
2.03442
2.03483
2.03524
2.03565
2.03606
2.03647
2.03688
2.03729
2.0377
2.03811
2.03853
2.03894
2.03935
2.03976
2.04017
2.04058
2.04099
2.0414
2.04181
2.04222
2.04263
2.04305
2.04346
2.04387
2.04428
2.04469
2.0451
2.04551
2.04592
2.04633
2.04675
2.04716
2.04757
2.04798
2.04839
2.0488
2.04921
2.04963
2.05004
2.05045
2.05086
2.05127
2.05168
2.05209
2.0525
2.05292
2.05333
2.05374
2.05415
2.05456
2.05497
2.05539
2.0558
2.05621
2.05662
2.05703
2.05744
2.05786
2.05827
2.05868
2.05909
2.0595
2.05991
2.06033
2.06074
2.06115
2.06156
2.06197
2.06239
2.0628
2.06321
2.06362
2.06403
2.06445
2.06486
2.06527
2.06568
2.06609
2.06651
2.06692
2.06733
2.06774
2.06816
2.06857
2.06898
2.06939
2.0698
2.07022
2.07063
2.07104
2.07145
2.07187
2.07228
2.07269
2.0731
2.07352
2.07393
2.07434
2.07475
2.07517
2.07558
2.07599
2.0764
2.07682
2.07723
2.07764
2.07805
2.07847
2.07888
2.07929
2.0797
2.08012
2.08053
2.08094
2.08136
2.08177
2.08218
2.08259
2.08301
2.08342
2.08383
2.08425
2.08466
2.08507
2.08548
2.0859
2.08631
2.08672
2.08714
2.08755
2.08796
2.08838
2.08879
2.0892
2.08962
2.09003
2.09044
2.09086
2.09127
2.09168
2.0921
2.09251
2.09292
2.09334
2.09375
2.09416
2.09458
2.09499
2.0954
2.09582
2.09623
2.09664
2.09706
2.09747
2.09788
2.0983
2.09871
2.09912
2.09954
2.09995
2.10037
2.10078
2.10119
2.10161
2.10202
2.10243
2.10285
2.10326
2.10368
2.10409
2.1045
2.10492
2.10533
2.10574
2.10616
2.10657
2.10699
2.1074
2.10781
2.10823
2.10864
2.10906
2.10947
2.10988
2.1103
2.11071
2.11113
2.11154
2.11196
2.11237
2.11278
2.1132
2.11361
2.11403
2.11444
2.11485
2.11527
2.11568
2.1161
2.11651
2.11693
2.11734
2.11776
2.11817
2.11858
2.119
2.11941
2.11983
2.12024
2.12066
2.12107
2.12149
2.1219
2.12232
2.12273
2.12314
2.12356
2.12397
2.12439
2.1248
2.12522
2.12563
2.12605
2.12646
2.12688
2.12729
2.12771
2.12812
2.12854
2.12895
2.12937
2.12978
2.1302
2.13061
2.13103
2.13144
2.13186
2.13227
2.13269
2.1331
2.13352
2.13393
2.13435
2.13476
2.13518
2.13559
2.13601
2.13642
2.13684
2.13725
2.13767
2.13809
2.1385
2.13892
2.13933
2.13975
2.14016
2.14058
2.14099
2.14141
2.14182
2.14224
2.14265
2.14307
2.14349
2.1439
2.14432
2.14473
2.14515
2.14556
2.14598
2.1464
2.14681
2.14723
2.14764
2.14806
2.14847
2.14889
2.14931
2.14972
2.15014
2.15055
2.15097
2.15138
2.1518
2.15222
2.15263
2.15305
2.15346
2.15388
2.1543
2.15471
2.15513
2.15554
2.15596
2.15638
2.15679
2.15721
2.15763
2.15804
2.15846
2.15887
2.15929
2.15971
2.16012
2.16054
2.16096
2.16137
2.16179
2.1622
2.16262
2.16304
2.16345
2.16387
2.16429
2.1647
2.16512
2.16554
2.16595
2.16637
2.16678
2.1672
2.16762
2.16803
2.16845
2.16887
2.16928
2.1697
2.17012
2.17053
2.17095
2.17137
2.17178
2.1722
2.17262
2.17304
2.17345
2.17387
2.17429
2.1747
2.17512
2.17554
2.17595
2.17637
2.17679
2.1772
2.17762
2.17804
2.17845
2.17887
2.17929
2.17971
2.18012
2.18054
2.18096
2.18137
2.18179
2.18221
2.18263
2.18304
2.18346
2.18388
2.18429
2.18471
2.18513
2.18555
2.18596
2.18638
2.1868
2.18722
2.18763
2.18805
2.18847
2.18889
2.1893
2.18972
2.19014
2.19056
2.19097
2.19139
2.19181
2.19223
2.19264
2.19306
2.19348
2.1939
2.19431
2.19473
2.19515
2.19557
2.19598
2.1964
2.19682
2.19724
2.19766
2.19807
2.19849
2.19891
2.19933
2.19974
2.20016
2.20058
2.201
2.20142
2.20183
2.20225
2.20267
2.20309
2.20351
2.20392
2.20434
2.20476
2.20518
2.2056
2.20601
2.20643
2.20685
2.20727
2.20769
2.2081
2.20852
2.20894
2.20936
2.20978
2.21019
2.21061
2.21103
2.21145
2.21187
2.21228
2.2127
2.21312
2.21354
2.21396
2.21438
2.21479
2.21521
2.21563
2.21605
2.21647
2.21688
2.2173
2.21772
2.21814
2.21856
2.21897
2.21939
2.21981
2.22023
2.22065
2.22106
2.22148
2.2219
2.22232
2.22274
2.22316
2.22357
2.22399
2.22441
2.22483
2.22525
2.22566
2.22608
2.2265
2.22692
2.22734
2.22776
2.22817
2.22859
2.22901
2.22943
2.22985
2.23026
2.23068
2.2311
2.23152
2.23194
2.23236
2.23277
2.23319
2.23361
2.23403
2.23445
2.23487
2.23528
2.2357
2.23612
2.23654
2.23696
2.23737
2.23779
2.23821
2.23863
2.23905
2.23947
2.23988
2.2403
2.24072
2.24114
2.24156
2.24198
2.24239
2.24281
2.24323
2.24365
2.24407
2.24449
2.2449
2.24532
2.24574
2.24616
2.24658
2.247
2.24742
2.24783
2.24825
2.24867
2.24909
2.24951
2.24993
2.25034
2.25076
2.25118
2.2516
2.25202
2.25244
2.25286
2.25327
2.25369
2.25411
2.25453
2.25495
2.25537
2.25578
2.2562
2.25662
2.25704
2.25746
2.25788
2.2583
2.25871
2.25913
2.25955
2.25997
2.26039
2.26081
2.26123
2.26164
2.26206
2.26248
2.2629
2.26332
2.26374
2.26416
2.26458
2.26499
2.26541
2.26583
2.26625
2.26667
2.26709
2.26751
2.26793
2.26834
2.26876
2.26918
2.2696
2.27002
2.27044
2.27086
2.27128
2.27169
2.27211
2.27253
2.27295
2.27337
2.27379
2.27421
2.27463
2.27504
2.27546
2.27588
2.2763
2.27672
2.27714
2.27756
2.27798
2.2784
2.27881
2.27923
2.27965
2.28007
2.28049
2.28091
2.28133
2.28175
2.28217
2.28259
2.283
2.28342
2.28384
2.28426
2.28468
2.2851
2.28552
2.28594
2.28636
2.28678
2.2872
2.28761
2.28803
2.28845
2.28887
2.28929
2.28971
2.29013
2.29055
2.29097
2.29139
2.29181
2.29222
2.29264
2.29306
2.29348
2.2939
2.29432
2.29474
2.29516
2.29558
2.296
2.29642
2.29684
2.29726
2.29768
2.29809
2.29851
2.29893
2.29935
2.29977
2.30019
2.30061
2.30103
2.30145
2.30187
2.30229
2.30271
2.30313
2.30355
2.30397
2.30439
2.30481
2.30522
2.30564
2.30606
2.30648
2.3069
2.30732
2.30774
2.30816
2.30858
2.309
2.30942
2.30984
2.31026
2.31068
2.3111
2.31152
2.31194
2.31236
2.31278
2.3132
2.31362
2.31404
2.31446
2.31488
2.3153
2.31572
2.31614
2.31656
2.31697
2.31739
2.31781
2.31823
2.31865
2.31907
2.31949
2.31991
2.32033
2.32075
2.32117
2.32159
2.32201
2.32243
2.32285
2.32327
2.32369
2.32411
2.32453
2.32495
2.32537
2.32579
2.32621
2.32663
2.32705
2.32747
2.32789
2.32831
2.32873
2.32915
2.32957
2.32999
2.33041
2.33083
2.33125
2.33167
2.33209
2.33251
2.33293
2.33335
2.33378
2.3342
2.33462
2.33504
2.33546
2.33588
2.3363
2.33672
2.33714
2.33756
2.33798
2.3384
2.33882
2.33924
2.33966
2.34008
2.3405
2.34092
2.34134
2.34176
2.34218
2.3426
2.34302
2.34344
2.34386
2.34428
2.34471
2.34513
2.34555
2.34597
2.34639
2.34681
2.34723
2.34765
2.34807
2.34849
2.34891
2.34933
2.34975
2.35017
2.35059
2.35101
2.35144
2.35186
2.35228
2.3527
2.35312
2.35354
2.35396
2.35438
2.3548
2.35522
2.35564
2.35606
2.35649
2.35691
2.35733
2.35775
2.35817
2.35859
2.35901
2.35943
2.35985
2.36027
2.3607
2.36112
2.36154
2.36196
2.36238
2.3628
2.36322
2.36364
2.36406
2.36449
2.36491
2.36533
2.36575
2.36617
2.36659
2.36701
2.36743
2.36785
2.36828
2.3687
2.36912
2.36954
2.36996
2.37038
2.3708
2.37123
2.37165
2.37207
2.37249
2.37291
2.37333
2.37375
2.37418
2.3746
2.37502
2.37544
2.37586
2.37628
2.3767
2.37713
2.37755
2.37797
2.37839
2.37881
2.37923
2.37966
2.38008
2.3805
2.38092
2.38134
2.38176
2.38219
2.38261
2.38303
2.38345
2.38387
2.3843
2.38472
2.38514
2.38556
2.38598
2.3864
2.38683
2.38725
2.38767
2.38809
2.38851
2.38894
2.38936
2.38978
2.3902
2.39062
2.39105
2.39147
2.39189
2.39231
2.39273
2.39316
2.39358
2.394
2.39442
2.39485
2.39527
2.39569
2.39611
2.39653
2.39696
2.39738
2.3978
2.39822
2.39865
2.39907
2.39949
2.39991
2.40034
2.40076
2.40118
2.4016
2.40202
2.40245
2.40287
2.40329
2.40371
2.40414
2.40456
2.40498
2.4054
2.40583
2.40625
2.40667
2.4071
2.40752
2.40794
2.40836
2.40879
2.40921
2.40963
2.41005
2.41048
2.4109
2.41132
2.41175
2.41217
2.41259
2.41301
2.41344
2.41386
2.41428
2.41471
2.41513
2.41555
2.41597
2.4164
2.41682
2.41724
2.41767
2.41809
2.41851
2.41894
2.41936
2.41978
2.4202
2.42063
2.42105
2.42147
2.4219
2.42232
2.42274
2.42317
2.42359
2.42401
2.42444
2.42486
2.42528
2.42571
2.42613
2.42655
2.42698
2.4274
2.42782
2.42825
2.42867
2.42909
2.42952
2.42994
2.43036
2.43079
2.43121
2.43164
2.43206
2.43248
2.43291
2.43333
2.43375
2.43418
2.4346
2.43502
2.43545
2.43587
2.4363
2.43672
2.43714
2.43757
2.43799
2.43841
2.43884
2.43926
2.43968
2.44011
2.44053
2.44096
2.44138
2.4418
2.44223
2.44265
2.44307
2.4435
2.44392
2.44434
2.44477
2.44519
2.44562
2.44604
2.44646
2.44689
2.44731
2.44773
2.44816
2.44858
2.449
2.44943
2.44985
2.45028
2.4507
2.45112
2.45155
2.45197
2.45239
2.45282
2.45324
2.45366
2.45409
2.45451
2.45493
2.45536
2.45578
2.45621
2.45663
2.45705
2.45748
2.4579
2.45832
2.45875
2.45917
2.45959
2.46002
2.46044
2.46087
2.46129
2.46171
2.46214
2.46256
2.46298
2.46341
2.46383
2.46425
2.46468
2.4651
2.46552
2.46595
2.46637
2.4668
2.46722
2.46764
2.46807
2.46849
2.46891
2.46934
2.46976
2.47018
2.47061
2.47103
2.47146
2.47188
2.4723
2.47273
2.47315
2.47357
2.474
2.47442
2.47484
2.47527
2.47569
2.47611
2.47654
2.47696
2.47739
2.47781
2.47823
2.47866
2.47908
2.4795
2.47993
2.48035
2.48077
2.4812
2.48162
2.48204
2.48247
2.48289
2.48332
2.48374
2.48416
2.48459
2.48501
2.48543
2.48586
2.48628
2.4867
2.48713
2.48755
2.48798
2.4884
2.48882
2.48925
2.48967
2.49009
2.49052
2.49094
2.49136
2.49179
2.49221
2.49264
2.49306
2.49348
2.49391
2.49433
2.49475
2.49518
2.4956
2.49602
2.49645
2.49687
2.49729
2.49772
2.49814
2.49857
2.49899
2.49941
2.49984
2.50026
2.50068
2.50111
2.50153
2.50195
2.50238
2.5028
2.50323
2.50365
2.50407
2.5045
2.50492
2.50534
2.50577
2.50619
2.50661
2.50704
2.50746
2.50789
2.50831
2.50873
2.50916
2.50958
2.51
2.51043
2.51085
2.51127
2.5117
2.51212
2.51255
2.51297
2.51339
2.51382
2.51424
2.51466
2.51509
2.51551
2.51593
2.51636
2.51678
2.51721
2.51763
2.51805
2.51848
2.5189
2.51932
2.51975
2.52017
2.52059
2.52102
2.52144
2.52187
2.52229
2.52271
2.52314
2.52356
2.52398
2.52441
2.52483
2.52526
2.52568
2.5261
2.52653
2.52695
2.52737
2.5278
2.52822
2.52864
2.52907
2.52949
2.52992
2.53034
2.53076
2.53119
2.53161
2.53203
2.53246
2.53288
2.53331
2.53373
2.53415
2.53458
2.535
2.53542
2.53585
2.53627
2.5367
2.53712
2.53754
2.53797
2.53839
2.53881
2.53924
2.53966
2.54009
2.54051
2.54093
2.54136
2.54178
2.5422
2.54263
2.54305
2.54348
2.5439
2.54432
2.54475
2.54517
2.54559
2.54602
2.54644
2.54686
2.54729
2.54771
2.54814
2.54856
2.54898
2.54941
2.54983
2.55026
2.55068
2.5511
2.55153
2.55195
2.55237
2.5528
2.55322
2.55365
2.55407
2.55449
2.55492
2.55534
2.55576
2.55619
2.55661
2.55704
2.55746
2.55788
2.55831
2.55873
2.55915
2.55958
2.56
2.56043
2.56085
2.56127
2.5617
2.56212
2.56255
2.56297
2.56339
2.56382
2.56424
2.56466
2.56509
2.56551
2.56594
2.56636
2.56678
2.56721
2.56763
2.56806
2.56848
2.5689
2.56933
2.56975
2.57017
2.5706
2.57102
2.57145
2.57187
2.57229
2.57272
2.57314
2.57357
2.57399
2.57441
2.57484
2.57526
2.57569
2.57611
2.57653
2.57696
2.57738
2.5778
2.57823
2.57865
2.57908
2.5795
2.57992
2.58035
2.58077
2.5812
2.58162
2.58204
2.58247
2.58289
2.58332
2.58374
2.58416
2.58459
2.58501
2.58544
2.58586
2.58628
2.58671
2.58713
2.58756
2.58798
2.5884
2.58883
2.58925
2.58968
2.5901
2.59052
2.59095
2.59137
2.5918
2.59222
2.59264
2.59307
2.59349
2.59392
2.59434
2.59476
2.59519
2.59561
2.59604
2.59646
2.59689
2.59731
2.59773
2.59816
2.59858
2.59901
2.59943
2.59985
2.60028
2.6007
2.60113
2.60155
2.60197
2.6024
2.60282
2.60325
2.60367
2.6041
2.60452
2.60494
2.60537
2.60579
2.60622
2.60664
2.60706
2.60749
2.60791
2.60834
2.60876
2.60919
2.60961
2.61003
2.61046
2.61088
2.61131
2.61173
2.61216
2.61258
2.613
2.61343
2.61385
2.61428
2.6147
2.61513
2.61555
2.61597
2.6164
2.61682
2.61725
2.61767
2.6181
2.61852
2.61894
2.61937
2.61979
2.62022
2.62064
2.62107
2.62149
2.62192
2.62234
2.62276
2.62319
2.62361
2.62404
2.62446
2.62489
2.62531
2.62574
2.62616
2.62658
2.62701
2.62743
2.62786
2.62828
2.62871
2.62913
2.62956
2.62998
2.6304
2.63083
2.63125
2.63168
2.6321
2.63253
2.63295
2.63338
2.6338
2.63423
2.63465
2.63507
2.6355
2.63592
2.63635
2.63677
2.6372
2.63762
2.63805
2.63847
2.6389
2.63932
2.63975
2.64017
2.64059
2.64102
2.64144
2.64187
2.64229
2.64272
2.64314
2.64357
2.64399
2.64442
2.64484
2.64527
2.64569
2.64612
2.64654
2.64696
2.64739
2.64781
2.64824
2.64866
2.64909
2.64951
2.64994
2.65036
2.65079
2.65121
2.65164
2.65206
2.65249
2.65291
2.65334
2.65376
2.65419
2.65461
2.65504
2.65546
2.65589
2.65631
2.65674
2.65716
2.65759
2.65801
2.65844
2.65886
2.65929
2.65971
2.66014
2.66056
2.66099
2.66141
2.66184
2.66226
2.66269
2.66311
2.66354
2.66396
2.66439
2.66481
2.66524
2.66566
2.66609
2.66651
2.66694
2.66736
2.66779
2.66821
2.66864
2.66906
2.66949
2.66991
2.67034
2.67076
2.67119
2.67161
2.67204
2.67246
2.67289
2.67331
2.67374
2.67416
2.67459
2.67501
2.67544
2.67586
2.67629
2.67672
2.67714
2.67757
2.67799
2.67842
2.67884
2.67927
2.67969
2.68012
2.68054
2.68097
2.68139
2.68182
2.68224
2.68267
2.6831
2.68352
2.68395
2.68437
2.6848
2.68522
2.68565
2.68607
2.6865
2.68692
2.68735
2.68778
2.6882
2.68863
2.68905
2.68948
2.6899
2.69033
2.69075
2.69118
2.6916
2.69203
2.69246
2.69288
2.69331
2.69373
2.69416
2.69458
2.69501
2.69544
2.69586
2.69629
2.69671
2.69714
2.69756
2.69799
2.69842
2.69884
2.69927
2.69969
2.70012
2.70054
2.70097
2.7014
2.70182
2.70225
2.70267
2.7031
2.70352
2.70395
2.70438
2.7048
2.70523
2.70565
2.70608
2.70651
2.70693
2.70736
2.70778
2.70821
2.70863
2.70906
2.70949
2.70991
2.71034
2.71076
2.71119
2.71162
2.71204
2.71247
2.71289
2.71332
2.71375
2.71417
2.7146
2.71502
2.71545
2.71588
2.7163
2.71673
2.71716
2.71758
2.71801
2.71843
2.71886
2.71929
2.71971
2.72014
2.72056
2.72099
2.72142
2.72184
2.72227
2.7227
2.72312
2.72355
2.72397
2.7244
2.72483
2.72525
2.72568
2.72611
2.72653
2.72696
2.72739
2.72781
2.72824
2.72866
2.72909
2.72952
2.72994
2.73037
2.7308
2.73122
2.73165
2.73208
2.7325
2.73293
2.73335
2.73378
2.73421
2.73463
2.73506
2.73549
2.73591
2.73634
2.73677
2.73719
2.73762
2.73805
2.73847
2.7389
2.73933
2.73975
2.74018
2.74061
2.74103
2.74146
2.74189
2.74231
2.74274
2.74317
2.74359
2.74402
2.74445
2.74487
2.7453
2.74573
2.74615
2.74658
2.74701
2.74743
2.74786
2.74829
2.74871
2.74914
2.74957
2.74999
2.75042
2.75085
2.75127
2.7517
2.75213
2.75255
2.75298
2.75341
2.75384
2.75426
2.75469
2.75512
2.75554
2.75597
2.7564
2.75682
2.75725
2.75768
2.7581
2.75853
2.75896
2.75939
2.75981
2.76024
2.76067
2.76109
2.76152
2.76195
2.76238
2.7628
2.76323
2.76366
2.76408
2.76451
2.76494
2.76537
2.76579
2.76622
2.76665
2.76707
2.7675
2.76793
2.76836
2.76878
2.76921
2.76964
2.77006
2.77049
2.77092
2.77135
2.77177
2.7722
2.77263
2.77306
2.77348
2.77391
2.77434
2.77476
2.77519
2.77562
2.77605
2.77647
2.7769
2.77733
2.77776
2.77818
2.77861
2.77904
2.77947
2.77989
2.78032
2.78075
2.78117
2.7816
2.78203
2.78246
2.78288
2.78331
2.78374
2.78417
2.78459
2.78502
2.78545
2.78588
2.7863
2.78673
2.78716
2.78759
2.78801
2.78844
2.78887
2.7893
2.78972
2.79015
2.79058
2.79101
2.79143
2.79186
2.79229
2.79272
2.79314
2.79357
2.794
2.79443
2.79486
2.79528
2.79571
2.79614
2.79657
2.79699
2.79742
2.79785
2.79828
2.7987
2.79913
2.79956
2.79999
2.80041
2.80084
2.80127
2.8017
2.80213
2.80255
2.80298
2.80341
2.80384
2.80426
2.80469
2.80512
2.80555
2.80598
2.8064
2.80683
2.80726
2.80769
2.80811
2.80854
2.80897
2.8094
2.80983
2.81025
2.81068
2.81111
2.81154
2.81196
2.81239
2.81282
2.81325
2.81368
2.8141
2.81453
2.81496
2.81539
2.81582
2.81624
2.81667
2.8171
2.81753
2.81796
2.81838
2.81881
2.81924
2.81967
2.8201
2.82052
2.82095
2.82138
2.82181
2.82224
2.82266
2.82309
2.82352
2.82395
2.82438
2.8248
2.82523
2.82566
2.82609
2.82652
2.82695
2.82737
2.8278
2.82823
2.82866
2.82909
2.82951
2.82994
2.83037
2.8308
2.83123
2.83166
2.83208
2.83251
2.83294
2.83337
2.8338
2.83422
2.83465
2.83508
2.83551
2.83594
2.83637
2.83679
2.83722
2.83765
2.83808
2.83851
2.83894
2.83936
2.83979
2.84022
2.84065
2.84108
2.84151
2.84193
2.84236
2.84279
2.84322
2.84365
2.84408
2.8445
2.84493
2.84536
2.84579
2.84622
2.84665
2.84708
2.8475
2.84793
2.84836
2.84879
2.84922
2.84965
2.85008
2.8505
2.85093
2.85136
2.85179
2.85222
2.85265
2.85308
2.8535
2.85393
2.85436
2.85479
2.85522
2.85565
2.85608
2.8565
2.85693
2.85736
2.85779
2.85822
2.85865
2.85908
2.8595
2.85993
2.86036
2.86079
2.86122
2.86165
2.86208
2.86251
2.86293
2.86336
2.86379
2.86422
2.86465
2.86508
2.86551
2.86594
2.86637
2.86679
2.86722
2.86765
2.86808
2.86851
2.86894
2.86937
2.8698
2.87022
2.87065
2.87108
2.87151
2.87194
2.87237
2.8728
2.87323
2.87366
2.87409
2.87451
2.87494
2.87537
2.8758
2.87623
2.87666
2.87709
2.87752
2.87795
2.87838
2.8788
2.87923
2.87966
2.88009
2.88052
2.88095
2.88138
2.88181
2.88224
2.88267
2.8831
2.88352
2.88395
2.88438
2.88481
2.88524
2.88567
2.8861
2.88653
2.88696
2.88739
2.88782
2.88825
2.88867
2.8891
2.88953
2.88996
2.89039
2.89082
2.89125
2.89168
2.89211
2.89254
2.89297
2.8934
2.89383
2.89426
2.89469
2.89511
2.89554
2.89597
2.8964
2.89683
2.89726
2.89769
2.89812
2.89855
2.89898
2.89941
2.89984
2.90027
2.9007
2.90113
2.90156
2.90199
2.90241
2.90284
2.90327
2.9037
2.90413
2.90456
2.90499
2.90542
2.90585
2.90628
2.90671
2.90714
2.90757
2.908
2.90843
2.90886
2.90929
2.90972
2.91015
2.91058
2.91101
2.91144
2.91187
2.9123
2.91273
2.91316
2.91359
2.91401
2.91444
2.91487
2.9153
2.91573
2.91616
2.91659
2.91702
2.91745
2.91788
2.91831
2.91874
2.91917
2.9196
2.92003
2.92046
2.92089
2.92132
2.92175
2.92218
2.92261
2.92304
2.92347
2.9239
2.92433
2.92476
2.92519
2.92562
2.92605
2.92648
2.92691
2.92734
2.92777
2.9282
2.92863
2.92906
2.92949
2.92992
2.93035
2.93078
2.93121
2.93164
2.93207
2.9325
2.93293
2.93336
2.93379
2.93422
2.93465
2.93508
2.93551
2.93594
2.93637
2.9368
2.93723
2.93766
2.93809
2.93852
2.93895
2.93938
2.93982
2.94025
2.94068
2.94111
2.94154
2.94197
2.9424
2.94283
2.94326
2.94369
2.94412
2.94455
2.94498
2.94541
2.94584
2.94627
2.9467
2.94713
2.94756
2.94799
2.94842
2.94885
2.94928
2.94971
2.95014
2.95057
2.95101
2.95144
2.95187
2.9523
2.95273
2.95316
2.95359
2.95402
2.95445
2.95488
2.95531
2.95574
2.95617
2.9566
2.95703
2.95746
2.95789
2.95833
2.95876
2.95919
2.95962
2.96005
2.96048
2.96091
2.96134
2.96177
2.9622
2.96263
2.96306
2.96349
2.96392
2.96436
2.96479
2.96522
2.96565
2.96608
2.96651
2.96694
2.96737
2.9678
2.96823
2.96866
2.96909
2.96953
2.96996
2.97039
2.97082
2.97125
2.97168
2.97211
2.97254
2.97297
2.9734
2.97383
2.97427
2.9747
2.97513
2.97556
2.97599
2.97642
2.97685
2.97728
2.97771
2.97815
2.97858
2.97901
2.97944
2.97987
2.9803
2.98073
2.98116
2.98159
2.98203
2.98246
2.98289
2.98332
2.98375
2.98418
2.98461
2.98504
2.98548
2.98591
2.98634
2.98677
2.9872
2.98763
2.98806
2.98849
2.98893
2.98936
2.98979
2.99022
2.99065
2.99108
2.99151
2.99195
2.99238
2.99281
2.99324
2.99367
2.9941
2.99453
2.99497
2.9954
2.99583
2.99626
2.99669
2.99712
2.99755
2.99799
2.99842
2.99885
2.99928
2.99971
3.00014
3.00058
3.00101
3.00144
3.00187
3.0023
3.00273
3.00316
3.0036
3.00403
3.00446
3.00489
3.00532
3.00575
3.00619
3.00662
3.00705
3.00748
3.00791
3.00835
3.00878
3.00921
3.00964
3.01007
3.0105
3.01094
3.01137
3.0118
3.01223
3.01266
3.0131
3.01353
3.01396
3.01439
3.01482
3.01525
3.01569
3.01612
3.01655
3.01698
3.01741
3.01785
3.01828
3.01871
3.01914
3.01957
3.02001
3.02044
3.02087
3.0213
3.02173
3.02217
3.0226
3.02303
3.02346
3.0239
3.02433
3.02476
3.02519
3.02562
3.02606
3.02649
3.02692
3.02735
3.02778
3.02822
3.02865
3.02908
3.02951
3.02995
3.03038
3.03081
3.03124
3.03167
3.03211
3.03254
3.03297
3.0334
3.03384
3.03427
3.0347
3.03513
3.03557
3.036
3.03643
3.03686
3.03729
3.03773
3.03816
3.03859
3.03902
3.03946
3.03989
3.04032
3.04075
3.04119
3.04162
3.04205
3.04248
3.04292
3.04335
3.04378
3.04421
3.04465
3.04508
3.04551
3.04595
3.04638
3.04681
3.04724
3.04768
3.04811
3.04854
3.04897
3.04941
3.04984
3.05027
3.0507
3.05114
3.05157
3.052
3.05244
3.05287
3.0533
3.05373
3.05417
3.0546
3.05503
3.05546
3.0559
3.05633
3.05676
3.0572
3.05763
3.05806
3.05849
3.05893
3.05936
3.05979
3.06023
3.06066
3.06109
3.06153
3.06196
3.06239
3.06282
3.06326
3.06369
3.06412
3.06456
3.06499
3.06542
3.06586
3.06629
3.06672
3.06715
3.06759
3.06802
3.06845
3.06889
3.06932
3.06975
3.07019
3.07062
3.07105
3.07149
3.07192
3.07235
3.07279
3.07322
3.07365
3.07408
3.07452
3.07495
3.07538
3.07582
3.07625
3.07668
3.07712
3.07755
3.07798
3.07842
3.07885
3.07928
3.07972
3.08015
3.08058
3.08102
3.08145
3.08188
3.08232
3.08275
3.08318
3.08362
3.08405
3.08448
3.08492
3.08535
3.08578
3.08622
3.08665
3.08708
3.08752
3.08795
3.08839
3.08882
3.08925
3.08969
3.09012
3.09055
3.09099
3.09142
3.09185
3.09229
3.09272
3.09315
3.09359
3.09402
3.09445
3.09489
3.09532
3.09576
3.09619
3.09662
3.09706
3.09749
3.09792
3.09836
3.09879
3.09922
3.09966
3.10009
3.10052
3.10096
3.10139
3.10183
3.10226
3.10269
3.10313
3.10356
3.10399
3.10443
3.10486
3.1053
3.10573
3.10616
3.1066
3.10703
3.10746
3.1079
3.10833
3.10877
3.1092
3.10963
3.11007
3.1105
3.11093
3.11137
3.1118
3.11224
3.11267
3.1131
3.11354
3.11397
3.11441
3.11484
3.11527
3.11571
3.11614
3.11658
3.11701
3.11744
3.11788
3.11831
3.11874
3.11918
3.11961
3.12005
3.12048
3.12091
3.12135
3.12178
3.12222
3.12265
3.12308
3.12352
3.12395
3.12439
3.12482
3.12526
3.12569
3.12612
3.12656
3.12699
3.12743
3.12786
3.12829
3.12873
3.12916
3.1296
3.13003
3.13046
3.1309
3.13133
3.13177
3.1322
3.13264
3.13307
3.1335
3.13394
3.13437
3.13481
3.13524
3.13567
3.13611
3.13654
3.13698
3.13741
3.13785
3.13828
3.13871
3.13915
3.13958
3.14002
3.14045
3.14089
3.14132
3.14176
3.14219
3.14262
3.14306
3.14349
3.14393
3.14436
3.1448
3.14523
3.14566
3.1461
3.14653
3.14697
3.1474
3.14784
3.14827
3.14871
3.14914
3.14957
3.15001
3.15044
3.15088
3.15131
3.15175
3.15218
3.15262
3.15305
3.15348
3.15392
3.15435
3.15479
3.15522
3.15566
3.15609
3.15653
3.15696
3.1574
3.15783
3.15827
3.1587
3.15913
3.15957
3.16
3.16044
3.16087
3.16131
3.16174
3.16218
3.16261
3.16305
3.16348
3.16392
3.16435
3.16479
3.16522
3.16565
3.16609
3.16652
3.16696
3.16739
3.16783
3.16826
3.1687
3.16913
3.16957
3.17
3.17044
3.17087
3.17131
3.17174
3.17218
3.17261
3.17305
3.17348
3.17392
3.17435
3.17478
3.17522
3.17565
3.17609
3.17652
3.17696
3.17739
3.17783
3.17826
3.1787
3.17913
3.17957
3.18
3.18044
3.18087
3.18131
3.18174
3.18218
3.18261
3.18305
3.18348
3.18392
3.18435
3.18479
3.18522
3.18566
3.18609
3.18653
3.18696
3.1874
3.18783
3.18827
3.1887
3.18914
3.18957
3.19001
3.19044
3.19088
3.19131
3.19175
3.19218
3.19262
3.19305
3.19348
3.19392
3.19435
3.19479
3.19522
3.19566
3.19609
3.19653
3.19696
3.1974
3.19783
3.19827
3.1987
3.19914
3.19957
3.20001
3.20044
3.20088
3.20131
3.20175
3.20218
3.20262
3.20305
3.20349
3.20392
3.20436
3.2048
3.20523
3.20567
3.2061
3.20654
3.20697
3.20741
3.20784
3.20828
3.20871
3.20915
3.20958
3.21002
3.21045
3.21089
3.21132
3.21176
3.21219
3.21263
3.21306
3.2135
3.21393
3.21437
3.2148
3.21524
3.21567
3.21611
3.21654
3.21698
3.21741
3.21785
3.21828
3.21872
3.21915
3.21959
3.22002
3.22046
3.22089
3.22133
3.22176
3.2222
3.22264
3.22307
3.22351
3.22394
3.22438
3.22481
3.22525
3.22568
3.22612
3.22655
3.22699
3.22742
3.22786
3.22829
3.22873
3.22916
3.2296
3.23003
3.23047
3.2309
3.23134
3.23177
3.23221
3.23265
3.23308
3.23352
3.23395
3.23439
3.23482
3.23526
3.23569
3.23613
3.23656
3.237
3.23743
3.23787
3.2383
3.23874
3.23917
3.23961
3.24005
3.24048
3.24092
3.24135
3.24179
3.24222
3.24266
3.24309
3.24353
3.24396
3.2444
3.24483
3.24527
3.24571
3.24614
3.24658
3.24701
3.24745
3.24788
3.24832
3.24875
3.24919
3.24962
3.25006
3.25049
3.25093
3.25137
3.2518
3.25224
3.25267
3.25311
3.25354
3.25398
3.25441
3.25485
3.25528
3.25572
3.25615
3.25659
3.25703
3.25746
3.2579
3.25833
3.25877
3.2592
3.25964
3.26007
3.26051
3.26094
3.26138
3.26182
3.26225
3.26269
3.26312
3.26356
3.26399
3.26443
3.26486
3.2653
3.26574
3.26617
3.26661
3.26704
3.26748
3.26791
3.26835
3.26878
3.26922
3.26966
3.27009
3.27053
3.27096
3.2714
3.27183
3.27227
3.2727
3.27314
3.27358
3.27401
3.27445
3.27488
3.27532
3.27575
3.27619
3.27662
3.27706
3.2775
3.27793
3.27837
3.2788
3.27924
3.27967
3.28011
3.28054
3.28098
3.28142
3.28185
3.28229
3.28272
3.28316
3.28359
3.28403
3.28447
3.2849
3.28534
3.28577
3.28621
3.28664
3.28708
3.28751
3.28795
3.28839
3.28882
3.28926
3.28969
3.29013
3.29056
3.291
3.29144
3.29187
3.29231
3.29274
3.29318
3.29361
3.29405
3.29449
3.29492
3.29536
3.29579
3.29623
3.29666
3.2971
3.29754
3.29797
3.29841
3.29884
3.29928
3.29971
3.30015
3.30059
3.30102
3.30146
3.30189
3.30233
3.30276
3.3032
3.30364
3.30407
3.30451
3.30494
3.30538
3.30582
3.30625
3.30669
3.30712
3.30756
3.30799
3.30843
3.30887
3.3093
3.30974
3.31017
3.31061
3.31104
3.31148
3.31192
3.31235
3.31279
3.31322
3.31366
3.3141
3.31453
3.31497
3.3154
3.31584
3.31627
3.31671
3.31715
3.31758
3.31802
3.31845
3.31889
3.31933
3.31976
3.3202
3.32063
3.32107
3.32151
3.32194
3.32238
3.32281
3.32325
3.32368
3.32412
3.32456
3.32499
3.32543
3.32586
3.3263
3.32674
3.32717
3.32761
3.32804
3.32848
3.32892
3.32935
3.32979
3.33022
3.33066
3.3311
3.33153
3.33197
3.3324
3.33284
3.33328
3.33371
3.33415
3.33458
3.33502
3.33545
3.33589
3.33633
3.33676
3.3372
3.33763
3.33807
3.33851
3.33894
3.33938
3.33981
3.34025
3.34069
3.34112
3.34156
3.34199
3.34243
3.34287
3.3433
3.34374
3.34417
3.34461
3.34505
3.34548
3.34592
3.34635
3.34679
3.34723
3.34766
3.3481
3.34854
3.34897
3.34941
3.34984
3.35028
3.35072
3.35115
3.35159
3.35202
3.35246
3.3529
3.35333
3.35377
3.3542
3.35464
3.35508
3.35551
3.35595
3.35638
3.35682
3.35726
3.35769
3.35813
3.35856
3.359
3.35944
3.35987
3.36031
3.36075
3.36118
3.36162
3.36205
3.36249
3.36293
3.36336
3.3638
3.36423
3.36467
3.36511
3.36554
3.36598
3.36641
3.36685
3.36729
3.36772
3.36816
3.3686
3.36903
3.36947
3.3699
3.37034
3.37078
3.37121
3.37165
3.37209
3.37252
3.37296
3.37339
3.37383
3.37427
3.3747
3.37514
3.37557
3.37601
3.37645
3.37688
3.37732
3.37776
3.37819
3.37863
3.37906
3.3795
3.37994
3.38037
3.38081
3.38125
3.38168
3.38212
3.38255
3.38299
3.38343
3.38386
3.3843
3.38474
3.38517
3.38561
3.38604
3.38648
3.38692
3.38735
3.38779
3.38823
3.38866
3.3891
3.38953
3.38997
3.39041
3.39084
3.39128
3.39172
3.39215
3.39259
3.39302
3.39346
3.3939
3.39433
3.39477
3.39521
3.39564
3.39608
3.39651
3.39695
3.39739
3.39782
3.39826
3.3987
3.39913
3.39957
3.4
3.40044
3.40088
3.40131
3.40175
3.40219
3.40262
3.40306
3.4035
3.40393
3.40437
3.4048
3.40524
3.40568
3.40611
3.40655
3.40699
3.40742
3.40786
3.4083
3.40873
3.40917
3.4096
3.41004
3.41048
3.41091
3.41135
3.41179
3.41222
3.41266
3.4131
3.41353
3.41397
3.4144
3.41484
3.41528
3.41571
3.41615
3.41659
3.41702
3.41746
3.4179
3.41833
3.41877
3.4192
3.41964
3.42008
3.42051
3.42095
3.42139
3.42182
3.42226
3.4227
3.42313
3.42357
3.42401
3.42444
3.42488
3.42531
3.42575
3.42619
3.42662
3.42706
3.4275
3.42793
3.42837
3.42881
3.42924
3.42968
3.43012
3.43055
3.43099
3.43142
3.43186
3.4323
3.43273
3.43317
3.43361
3.43404
3.43448
3.43492
3.43535
3.43579
3.43623
3.43666
3.4371
3.43754
3.43797
3.43841
3.43884
3.43928
3.43972
3.44015
3.44059
3.44103
3.44146
3.4419
3.44234
3.44277
3.44321
3.44365
3.44408
3.44452
3.44496
3.44539
3.44583
3.44626
3.4467
3.44714
3.44757
3.44801
3.44845
3.44888
3.44932
3.44976
3.45019
3.45063
3.45107
3.4515
3.45194
3.45238
3.45281
3.45325
3.45369
3.45412
3.45456
3.455
3.45543
3.45587
3.45631
3.45674
3.45718
3.45761
3.45805
3.45849
3.45892
3.45936
3.4598
3.46023
3.46067
3.46111
3.46154
3.46198
3.46242
3.46285
3.46329
3.46373
3.46416
3.4646
3.46504
3.46547
3.46591
3.46635
3.46678
3.46722
3.46766
3.46809
3.46853
3.46897
3.4694
3.46984
3.47028
3.47071
3.47115
3.47159
3.47202
3.47246
3.47289
3.47333
3.47377
3.4742
3.47464
3.47508
3.47551
3.47595
3.47639
3.47682
3.47726
3.4777
3.47813
3.47857
3.47901
3.47944
3.47988
3.48032
3.48075
3.48119
3.48163
3.48206
3.4825
3.48294
3.48337
3.48381
3.48425
3.48468
3.48512
3.48556
3.48599
3.48643
3.48687
3.4873
3.48774
3.48818
3.48861
3.48905
3.48949
3.48992
3.49036
3.4908
3.49123
3.49167
3.49211
3.49254
3.49298
3.49342
3.49385
3.49429
3.49473
3.49516
3.4956
3.49604
3.49647
3.49691
3.49735
3.49778
3.49822
3.49866
3.49909
3.49953
3.49997
3.5004
3.50084
3.50128
3.50171
3.50215
3.50259
3.50302
3.50346
3.5039
3.50433
3.50477
3.50521
3.50564
3.50608
3.50652
3.50695
3.50739
3.50783
3.50826
3.5087
3.50914
3.50957
3.51001
3.51045
3.51088
3.51132
3.51176
3.51219
3.51263
3.51307
3.5135
3.51394
3.51438
3.51481
3.51525
3.51569
3.51612
3.51656
3.517
3.51743
3.51787
3.51831
3.51874
3.51918
3.51962
3.52005
3.52049
3.52093
3.52136
3.5218
3.52224
3.52267
3.52311
3.52355
3.52398
3.52442
3.52486
3.52529
3.52573
3.52617
3.52661
3.52704
3.52748
3.52792
3.52835
3.52879
3.52923
3.52966
3.5301
3.53054
3.53097
3.53141
3.53185
3.53228
3.53272
3.53316
3.53359
3.53403
3.53447
3.5349
3.53534
3.53578
3.53621
3.53665
3.53709
3.53752
3.53796
3.5384
3.53883
3.53927
3.53971
3.54014
3.54058
3.54102
3.54145
3.54189
3.54233
3.54276
3.5432
3.54364
3.54407
3.54451
3.54495
3.54538
3.54582
3.54626
3.5467
3.54713
3.54757
3.54801
3.54844
3.54888
3.54932
3.54975
3.55019
3.55063
3.55106
3.5515
3.55194
3.55237
3.55281
3.55325
3.55368
3.55412
3.55456
3.55499
3.55543
3.55587
3.5563
3.55674
3.55718
3.55761
3.55805
3.55849
3.55892
3.55936
3.5598
3.56023
3.56067
3.56111
3.56155
3.56198
3.56242
3.56286
3.56329
3.56373
3.56417
3.5646
3.56504
3.56548
3.56591
3.56635
3.56679
3.56722
3.56766
3.5681
3.56853
3.56897
3.56941
3.56984
3.57028
3.57072
3.57115
3.57159
3.57203
3.57246
3.5729
3.57334
3.57377
3.57421
3.57465
3.57509
3.57552
3.57596
3.5764
3.57683
3.57727
3.57771
3.57814
3.57858
3.57902
3.57945
3.57989
3.58033
3.58076
3.5812
3.58164
3.58207
3.58251
3.58295
3.58338
3.58382
3.58426
3.58469
3.58513
3.58557
3.586
3.58644
3.58688
3.58732
3.58775
3.58819
3.58863
3.58906
3.5895
3.58994
3.59037
3.59081
3.59125
3.59168
3.59212
3.59256
3.59299
3.59343
3.59387
3.5943
3.59474
3.59518
3.59561
3.59605
3.59649
3.59692
3.59736
3.5978
3.59823
3.59867
3.59911
3.59955
3.59998
3.60042
3.60086
3.60129
3.60173
3.60217
3.6026
3.60304
3.60348
3.60391
3.60435
3.60479
3.60522
3.60566
3.6061
3.60653
3.60697
3.60741
3.60784
3.60828
3.60872
3.60915
3.60959
3.61003
3.61046
3.6109
3.61134
3.61178
3.61221
3.61265
3.61309
3.61352
3.61396
3.6144
3.61483
3.61527
3.61571
3.61614
3.61658
3.61702
3.61745
3.61789
3.61833
3.61876
3.6192
3.61964
3.62007
3.62051
3.62095
3.62138
3.62182
3.62226
3.62269
3.62313
3.62357
3.62401
3.62444
3.62488
3.62532
3.62575
3.62619
3.62663
3.62706
3.6275
3.62794
3.62837
3.62881
3.62925
3.62968
3.63012
3.63056
3.63099
3.63143
3.63187
3.6323
3.63274
3.63318
3.63361
3.63405
3.63449
3.63492
3.63536
3.6358
3.63623
3.63667
3.63711
3.63755
3.63798
3.63842
3.63886
3.63929
3.63973
3.64017
3.6406
3.64104
3.64148
3.64191
3.64235
3.64279
3.64322
3.64366
3.6441
3.64453
3.64497
3.64541
3.64584
3.64628
3.64672
3.64715
3.64759
3.64803
3.64846
3.6489
3.64934
3.64977
3.65021
3.65065
3.65108
3.65152
3.65196
3.6524
3.65283
3.65327
3.65371
3.65414
3.65458
3.65502
3.65545
3.65589
3.65633
3.65676
3.6572
3.65764
3.65807
3.65851
3.65895
3.65938
3.65982
3.66026
3.66069
3.66113
3.66157
3.662
3.66244
3.66288
3.66331
3.66375
3.66419
3.66462
3.66506
3.6655
3.66593
3.66637
3.66681
3.66724
3.66768
3.66812
3.66855
3.66899
3.66943
3.66987
3.6703
3.67074
3.67118
3.67161
3.67205
3.67249
3.67292
3.67336
3.6738
3.67423
3.67467
3.67511
3.67554
3.67598
3.67642
3.67685
3.67729
3.67773
3.67816
3.6786
3.67904
3.67947
3.67991
3.68035
3.68078
3.68122
3.68166
3.68209
3.68253
3.68297
3.6834
3.68384
3.68428
3.68471
3.68515
3.68559
3.68602
3.68646
3.6869
3.68733
3.68777
3.68821
3.68864
3.68908
3.68952
3.68995
3.69039
3.69083
3.69126
3.6917
3.69214
3.69257
3.69301
3.69345
3.69388
3.69432
3.69476
3.69519
3.69563
3.69607
3.6965
3.69694
3.69738
3.69781
3.69825
3.69869
3.69912
3.69956
3.7
3.70043
3.70087
3.70131
3.70174
3.70218
3.70262
3.70305
3.70349
3.70393
3.70436
3.7048
3.70524
3.70567
3.70611
3.70655
3.70698
3.70742
3.70786
3.70829
3.70873
3.70917
3.7096
3.71004
3.71048
3.71091
3.71135
3.71179
3.71222
3.71266
3.7131
3.71353
3.71397
3.71441
3.71484
3.71528
3.71572
3.71615
3.71659
3.71703
3.71746
3.7179
3.71834
3.71877
3.71921
3.71965
3.72008
3.72052
3.72096
3.72139
3.72183
3.72227
3.7227
3.72314
3.72358
3.72401
3.72445
3.72489
3.72532
3.72576
3.7262
3.72663
3.72707
3.72751
3.72794
3.72838
3.72882
3.72925
3.72969
3.73013
3.73056
3.731
3.73144
3.73187
3.73231
3.73275
3.73318
3.73362
3.73406
3.73449
3.73493
3.73537
3.7358
3.73624
3.73668
3.73711
3.73755
3.73799
3.73842
3.73886
3.7393
3.73973
3.74017
3.74061
3.74104
3.74148
3.74192
3.74235
3.74279
3.74323
3.74366
3.7441
3.74453
3.74497
3.74541
3.74584
3.74628
3.74672
3.74715
3.74759
3.74803
3.74846
3.7489
3.74934
3.74977
3.75021
3.75065
3.75108
3.75152
3.75196
3.75239
3.75283
3.75327
3.7537
3.75414
3.75458
3.75501
3.75545
3.75589
3.75632
3.75676
3.7572
3.75763
3.75807
3.75851
3.75894
3.75938
3.75981
3.76025
3.76069
3.76112
3.76156
3.762
3.76243
3.76287
3.76331
3.76374
3.76418
3.76462
3.76505
3.76549
3.76593
3.76636
3.7668
3.76724
3.76767
3.76811
3.76855
3.76898
3.76942
3.76985
3.77029
3.77073
3.77116
3.7716
3.77204
3.77247
3.77291
3.77335
3.77378
3.77422
3.77466
3.77509
3.77553
3.77597
3.7764
3.77684
3.77728
3.77771
3.77815
3.77859
3.77902
3.77946
3.77989
3.78033
3.78077
3.7812
3.78164
3.78208
3.78251
3.78295
3.78339
3.78382
3.78426
3.7847
3.78513
3.78557
3.78601
3.78644
3.78688
3.78731
3.78775
3.78819
3.78862
3.78906
3.7895
3.78993
3.79037
3.79081
3.79124
3.79168
3.79212
3.79255
3.79299
3.79343
3.79386
3.7943
3.79473
3.79517
3.79561
3.79604
3.79648
3.79692
3.79735
3.79779
3.79823
3.79866
3.7991
3.79954
3.79997
3.80041
3.80084
3.80128
3.80172
3.80215
3.80259
3.80303
3.80346
3.8039
3.80434
3.80477
3.80521
3.80565
3.80608
3.80652
3.80695
3.80739
3.80783
3.80826
3.8087
3.80914
3.80957
3.81001
3.81045
3.81088
3.81132
3.81176
3.81219
3.81263
3.81306
3.8135
3.81394
3.81437
3.81481
3.81525
3.81568
3.81612
3.81656
3.81699
3.81743
3.81786
3.8183
3.81874
3.81917
3.81961
3.82005
3.82048
3.82092
3.82136
3.82179
3.82223
3.82266
3.8231
3.82354
3.82397
3.82441
3.82485
3.82528
3.82572
3.82616
3.82659
3.82703
3.82746
3.8279
3.82834
3.82877
3.82921
3.82965
3.83008
3.83052
3.83096
3.83139
3.83183
3.83226
3.8327
3.83314
3.83357
3.83401
3.83445
3.83488
3.83532
3.83575
3.83619
3.83663
3.83706
3.8375
3.83794
3.83837
3.83881
3.83925
3.83968
3.84012
3.84055
3.84099
3.84143
3.84186
3.8423
3.84274
3.84317
3.84361
3.84404
3.84448
3.84492
3.84535
3.84579
3.84623
3.84666
3.8471
3.84754
3.84797
3.84841
3.84884
3.84928
3.84972
3.85015
3.85059
3.85103
3.85146
3.8519
3.85233
3.85277
3.85321
3.85364
3.85408
3.85452
3.85495
3.85539
3.85582
3.85626
3.8567
3.85713
3.85757
3.85801
3.85844
3.85888
3.85931
3.85975
3.86019
3.86062
3.86106
3.8615
3.86193
3.86237
3.8628
3.86324
3.86368
3.86411
3.86455
3.86499
3.86542
3.86586
3.86629
3.86673
3.86717
3.8676
3.86804
3.86848
3.86891
3.86935
3.86978
3.87022
3.87066
3.87109
3.87153
3.87197
3.8724
3.87284
3.87327
3.87371
3.87415
3.87458
3.87502
3.87546
3.87589
3.87633
3.87676
3.8772
3.87764
3.87807
3.87851
3.87894
3.87938
3.87982
3.88025
3.88069
3.88113
3.88156
3.882
3.88243
3.88287
3.88331
3.88374
3.88418
3.88461
3.88505
3.88549
3.88592
3.88636
3.8868
3.88723
3.88767
3.8881
3.88854
3.88898
3.88941
3.88985
3.89029
3.89072
3.89116
3.89159
3.89203
3.89247
3.8929
3.89334
3.89377
3.89421
3.89465
3.89508
3.89552
3.89596
3.89639
3.89683
3.89726
3.8977
3.89814
3.89857
3.89901
3.89944
3.89988
3.90032
3.90075
3.90119
3.90162
3.90206
3.9025
3.90293
3.90337
3.9038
3.90424
3.90468
3.90511
3.90555
3.90599
3.90642
3.90686
3.90729
3.90773
3.90816
3.9086
3.90904
3.90947
3.90991
3.91034
3.91078
3.91122
3.91165
3.91209
3.91252
3.91296
3.9134
3.91383
3.91427
3.9147
3.91514
3.91558
3.91601
3.91645
3.91688
3.91732
3.91775
3.91819
3.91863
3.91906
3.9195
3.91993
3.92037
3.92081
3.92124
3.92168
3.92211
3.92255
3.92298
3.92342
3.92386
3.92429
3.92473
3.92516
3.9256
3.92603
3.92647
3.92691
3.92734
3.92778
3.92821
3.92865
3.92908
3.92952
3.92996
3.93039
3.93083
3.93126
3.9317
3.93213
3.93257
3.93301
3.93344
3.93388
3.93431
3.93475
3.93518
3.93562
3.93605
3.93649
3.93693
3.93736
3.9378
3.93823
3.93867
3.9391
3.93954
3.93997
3.94041
3.94085
3.94128
3.94172
3.94215
3.94259
3.94302
3.94346
3.94389
3.94433
3.94476
3.9452
3.94564
3.94607
3.94651
3.94694
3.94738
3.94781
3.94825
3.94868
3.94912
3.94955
3.94999
3.95042
3.95086
3.9513
3.95173
3.95217
3.9526
3.95304
3.95347
3.95391
3.95434
3.95478
3.95521
3.95565
3.95608
3.95652
3.95695
3.95739
3.95782
3.95826
3.9587
3.95913
3.95957
3.96
3.96044
3.96087
3.96131
3.96174
3.96218
3.96261
3.96305
3.96348
3.96392
3.96435
3.96479
3.96522
3.96566
3.96609
3.96653
3.96696
3.9674
3.96783
3.96827
3.9687
3.96914
3.96957
3.97001
3.97044
3.97088
3.97131
3.97175
3.97218
3.97262
3.97305
3.97349
3.97392
3.97436
3.97479
3.97523
3.97566
3.9761
3.97653
3.97697
3.9774
3.97784
3.97827
3.97871
3.97914
3.97958
3.98001
3.98045
3.98088
3.98132
3.98175
3.98219
3.98262
3.98306
3.98349
3.98393
3.98436
3.9848
3.98523
3.98567
3.9861
3.98654
3.98697
3.98741
3.98784
3.98828
3.98871
3.98915
3.98958
3.99002
3.99045
3.99089
3.99132
3.99176
3.99219
3.99263
3.99306
3.99349
3.99393
3.99436
3.9948
3.99523
3.99567
3.9961
3.99654
3.99697
3.99741
3.99784
3.99828
3.99871
3.99915
3.99958
4.00002
4.00045
4.00089
4.00132
4.00175
4.00219
4.00262
4.00306
4.00349
4.00393
4.00436
4.0048
4.00523
4.00567
4.0061
4.00654
4.00697
4.0074
4.00784
4.00827
4.00871
4.00914
4.00958
4.01001
4.01045
4.01088
4.01132
4.01175
4.01218
4.01262
4.01305
4.01349
4.01392
4.01436
4.01479
4.01523
4.01566
4.01609
4.01653
4.01696
4.0174
4.01783
4.01827
4.0187
4.01914
4.01957
4.02
4.02044
4.02087
4.02131
4.02174
4.02218
4.02261
4.02305
4.02348
4.02391
4.02435
4.02478
4.02522
4.02565
4.02609
4.02652
4.02695
4.02739
4.02782
4.02826
4.02869
4.02913
4.02956
4.03
4.03043
4.03086
4.0313
4.03173
4.03217
4.0326
4.03304
4.03347
4.0339
4.03434
4.03477
4.03521
4.03564
4.03607
4.03651
4.03694
4.03738
4.03781
4.03825
4.03868
4.03911
4.03955
4.03998
4.04042
4.04085
4.04129
4.04172
4.04215
4.04259
4.04302
4.04346
4.04389
4.04432
4.04476
4.04519
4.04563
4.04606
4.04649
4.04693
4.04736
4.0478
4.04823
4.04867
4.0491
4.04953
4.04997
4.0504
4.05084
4.05127
4.0517
4.05214
4.05257
4.05301
4.05344
4.05387
4.05431
4.05474
4.05518
4.05561
4.05604
4.05648
4.05691
4.05735
4.05778
4.05821
4.05865
4.05908
4.05952
4.05995
4.06038
4.06082
4.06125
4.06169
4.06212
4.06255
4.06299
4.06342
4.06386
4.06429
4.06472
4.06516
4.06559
4.06602
4.06646
4.06689
4.06733
4.06776
4.06819
4.06863
4.06906
4.0695
4.06993
4.07036
4.0708
4.07123
4.07167
4.0721
4.07253
4.07297
4.0734
4.07383
4.07427
4.0747
4.07514
4.07557
4.076
4.07644
4.07687
4.0773
4.07774
4.07817
4.07861
4.07904
4.07947
4.07991
4.08034
4.08077
4.08121
4.08164
4.08208
4.08251
4.08294
4.08338
4.08381
4.08424
4.08468
4.08511
4.08555
4.08598
4.08641
4.08685
4.08728
4.08771
4.08815
4.08858
4.08901
4.08945
4.08988
4.09032
4.09075
4.09118
4.09162
4.09205
4.09248
4.09292
4.09335
4.09378
4.09422
4.09465
4.09509
4.09552
4.09595
4.09639
4.09682
4.09725
4.09769
4.09812
4.09855
4.09899
4.09942
4.09985
4.10029
4.10072
4.10116
4.10159
4.10202
4.10246
4.10289
4.10332
4.10376
4.10419
4.10462
4.10506
4.10549
4.10592
4.10636
4.10679
4.10722
4.10766
4.10809
4.10852
4.10896
4.10939
4.10982
4.11026
4.11069
4.11113
4.11156
4.11199
4.11243
4.11286
4.11329
4.11373
4.11416
4.11459
4.11503
4.11546
4.11589
4.11633
4.11676
4.11719
4.11763
4.11806
4.11849
4.11893
4.11936
4.11979
4.12023
4.12066
4.12109
4.12153
4.12196
4.12239
4.12283
4.12326
4.12369
4.12413
4.12456
4.12499
4.12543
4.12586
4.12629
4.12673
4.12716
4.12759
4.12803
4.12846
4.12889
4.12933
4.12976
4.13019
4.13063
4.13106
4.13149
4.13193
4.13236
4.13279
4.13323
4.13366
4.13409
4.13453
4.13496
4.13539
4.13582
4.13626
4.13669
4.13712
4.13756
4.13799
4.13842
4.13886
4.13929
4.13972
4.14016
4.14059
4.14102
4.14146
4.14189
4.14232
4.14276
4.14319
4.14362
4.14406
4.14449
4.14492
4.14535
4.14579
4.14622
4.14665
4.14709
4.14752
4.14795
4.14839
4.14882
4.14925
4.14969
4.15012
4.15055
4.15099
4.15142
4.15185
4.15228
4.15272
4.15315
4.15358
4.15402
4.15445
4.15488
4.15532
4.15575
4.15618
4.15662
4.15705
4.15748
4.15791
4.15835
4.15878
4.15921
4.15965
4.16008
4.16051
4.16095
4.16138
4.16181
4.16224
4.16268
4.16311
4.16354
4.16398
4.16441
4.16484
4.16528
4.16571
4.16614
4.16657
4.16701
4.16744
4.16787
4.16831
4.16874
4.16917
4.16961
4.17004
4.17047
4.1709
4.17134
4.17177
4.1722
4.17264
4.17307
4.1735
4.17393
4.17437
4.1748
4.17523
4.17567
4.1761
4.17653
4.17697
4.1774
4.17783
4.17826
4.1787
4.17913
4.17956
4.18
4.18043
4.18086
4.18129
4.18173
4.18216
4.18259
4.18303
4.18346
4.18389
4.18432
4.18476
4.18519
4.18562
4.18606
4.18649
4.18692
4.18735
4.18779
4.18822
4.18865
4.18909
4.18952
4.18995
4.19038
4.19082
4.19125
4.19168
4.19211
4.19255
