0 0 0 
25.4368 405975 0.00061232 
22.1955 344890 0.000513675 
20.2098 303603 0.00056893 
18.8333 274212 0.000646011 
17.7869 252307 0.000719546 
16.9433 235344 0.000787185 
16.238 221787 0.000849559 
15.6343 210673 0.000907386 
15.1087 201368 0.000961224 
14.6455 193442 0.00101151 
14.2329 186591 0.00105862 
13.8623 180597 0.00110286 
13.5269 175298 0.0011445 
13.2215 170570 0.0011838 
12.9418 166318 0.00122095 
12.6844 162467 0.00125616 
12.4464 158959 0.00128958 
12.2254 155746 0.00132137 
12.0196 152788 0.00135166 
11.8272 150054 0.00138057 
11.6468 147516 0.0014082 
11.4773 145152 0.00143466 
11.3174 142942 0.00146002 
11.1665 140871 0.00148436 
11.0235 138925 0.00150776 
10.8879 137091 0.00153028 
10.7591 135360 0.00155197 
10.6364 133720 0.00157289 
10.5194 132166 0.00159309 
10.4076 130689 0.00161261 
10.3008 129283 0.00163149 
10.1984 127943 0.00164976 
10.1003 126664 0.00166747 
10.0061 125440 0.00168464 
9.91558 124269 0.00170131 
9.82847 123146 0.00171749 
9.74458 122069 0.00173322 
9.66371 121033 0.00174851 
9.58568 120037 0.0017634 
9.51033 119078 0.00177789 
9.43749 118154 0.001792 
9.36705 117262 0.00180577 
9.29886 116401 0.00181919 
9.2328 115568 0.00183229 
9.16877 114764 0.00184508 
9.10666 113985 0.00185757 
9.04637 113230 0.00186978 
8.98782 112499 0.00188171 
8.93093 111790 0.00189339 
8.87561 111101 0.00190481 
8.8218 110433 0.00191599 
8.76942 109783 0.00192695 
8.71841 109152 0.00193768 
8.66872 108538 0.00194819 
8.62028 107940 0.0019585 
8.57305 107357 0.00196861 
8.52696 106790 0.00197853 
8.48199 106237 0.00198826 
8.43807 105698 0.00199782 
8.39518 105172 0.0020072 
8.35327 104659 0.00201641 
8.3123 104158 0.00202547 
8.27224 103668 0.00203437 
8.23305 103190 0.00204311 
8.19471 102722 0.00205172 
8.15717 102265 0.00206018 
8.12042 101817 0.0020685 
8.08443 101379 0.00207669 
8.04917 100951 0.00208475 
8.01461 100531 0.00209269 
7.98073 100121 0.0021005 
7.94751 99717.9 0.0021082 
7.91493 99323.3 0.00211578 
7.88297 98936.4 0.00212325 
7.8516 98557.1 0.00213062 
7.82082 98185 0.00213788 
7.79059 97819.9 0.00214503 
7.76091 97461.7 0.00215209 
7.73175 97110 0.00215905 
7.70311 96764.7 0.00216591 
7.67496 96425.6 0.00217268 
7.64729 96092.5 0.00217937 
7.6201 95765.2 0.00218596 
7.59336 95443.6 0.00219247 
7.56706 95127.4 0.0021989 
7.54119 94816.6 0.00220525 
7.51573 94510.9 0.00221152 
7.49069 94210.3 0.00221771 
7.46604 93914.5 0.00222382 
7.44177 93623.5 0.00222987 
7.41788 93337.1 0.00223584 
7.39436 93055.3 0.00224174 
7.37119 92777.8 0.00224757 
7.34837 92504.5 0.00225333 
7.32588 92235.4 0.00225903 
7.30373 91970.4 0.00226467 
7.2819 91709.3 0.00227024 
7.26038 91452 0.00227575 
7.23917 91198.5 0.0022812 
7.21825 90948.6 0.00228659 
7.19763 90702.3 0.00229193 
7.17729 90459.5 0.00229721 
7.15723 90220.1 0.00230243 
7.13744 89984 0.0023076 
7.11792 89751.1 0.00231272 
7.09866 89521.3 0.00231778 
7.07965 89294.7 0.0023228 
7.06089 89071.1 0.00232776 
7.04237 88850.4 0.00233268 
7.02408 88632.6 0.00233755 
7.00604 88417.6 0.00234237 
6.98821 88205.4 0.00234714 
6.97061 87995.9 0.00235187 
6.95323 87789 0.00235656 
6.93606 87584.7 0.0023612 
6.9191 87382.9 0.0023658 
6.90234 87183.6 0.00237036 
6.88579 86986.7 0.00237488 
6.86942 86792.2 0.00237935 
6.85326 86600 0.00238379 
6.83728 86410.1 0.00238819 
6.82148 86222.4 0.00239255 
6.80587 86036.9 0.00239687 
6.79043 85853.5 0.00240116 
6.77517 85672.2 0.00240541 
6.76008 85493 0.00240962 
6.74515 85315.8 0.0024138 
6.73039 85140.6 0.00241794 
6.71579 84967.3 0.00242205 
6.70135 84795.9 0.00242613 
6.68707 84626.4 0.00243017 
6.67294 84458.8 0.00243418 
6.65896 84292.9 0.00243816 
6.64512 84128.8 0.00244211 
6.63143 83966.4 0.00244603 
6.61788 83805.7 0.00244992 
6.60447 83646.7 0.00245377 
6.5912 83489.4 0.0024576 
6.57806 83333.6 0.0024614 
6.56506 83179.5 0.00246517 
6.55218 83026.9 0.00246892 
6.53944 82875.8 0.00247263 
6.52682 82726.2 0.00247632 
6.51432 82578.1 0.00247998 
6.50194 82431.5 0.00248362 
6.48969 82286.3 0.00248723 
6.47755 82142.5 0.00249081 
6.46553 82000.1 0.00249437 
6.45362 81859 0.00249791 
6.44182 81719.3 0.00250142 
6.43013 81580.9 0.00250491 
6.41856 81443.8 0.00250837 
6.40708 81307.9 0.00251181 
6.39572 81173.4 0.00251522 
6.38445 81040 0.00251862 
6.37329 80907.9 0.00252199 
6.36223 80776.9 0.00252534 
6.35127 80647.1 0.00252866 
6.34041 80518.5 0.00253197 
6.32964 80391.1 0.00253525 
6.31897 80264.7 0.00253852 
6.30838 80139.5 0.00254176 
6.2979 80015.3 0.00254498 
6.2875 79892.2 0.00254819 
6.27719 79770.2 0.00255137 
6.26696 79649.2 0.00255453 
6.25683 79529.3 0.00255768 
6.24678 79410.3 0.0025608 
6.23681 79292.4 0.00256391 
6.22693 79175.4 0.002567 
6.21713 79059.4 0.00257007 
6.20741 78944.4 0.00257312 
6.19777 78830.3 0.00257615 
6.1882 78717.1 0.00257917 
6.17872 78604.8 0.00258217 
6.16931 78493.5 0.00258515 
6.15997 78383 0.00258811 
6.15072 78273.4 0.00259106 
6.14153 78164.7 0.00259399 
6.13241 78056.8 0.00259691 
6.12337 77949.8 0.00259981 
6.1144 77843.6 0.00260269 
6.1055 77738.2 0.00260556 
6.09666 77633.6 0.00260841 
6.0879 77529.9 0.00261125 
6.0792 77426.9 0.00261407 
6.07056 77324.7 0.00261688 
6.062 77223.2 0.00261967 
6.05349 77122.5 0.00262245 
6.04505 77022.6 0.00262521 
6.03667 76923.4 0.00262796 
6.02836 76824.9 0.00263069 
6.02011 76727.2 0.00263341 
6.01191 76630.1 0.00263612 
6.00378 76533.8 0.00263881 
5.9957 76438.2 0.00264149 
5.98769 76343.2 0.00264416 
5.97973 76248.9 0.00264681 
5.97183 76155.3 0.00264945 
5.96399 76062.3 0.00265208 
5.9562 75970 0.00265469 
5.94846 75878.4 0.00265729 
5.94078 75787.3 0.00265988 
5.93316 75696.9 0.00266246 
5.92559 75607.2 0.00266503 
5.91807 75518 0.00266758 
5.9106 75429.4 0.00267012 
5.90318 75341.5 0.00267265 
5.89582 75254.1 0.00267516 
5.8885 75167.3 0.00267767 
5.88124 75081.1 0.00268016 
5.87402 74995.5 0.00268265 
5.86686 74910.4 0.00268512 
5.85974 74825.9 0.00268758 
5.85267 74741.9 0.00269003 
5.84564 74658.5 0.00269246 
5.83867 74575.7 0.00269489 
5.83174 74493.3 0.00269731 
5.82485 74411.5 0.00269972 
5.81801 74330.2 0.00270211 
5.81122 74249.4 0.0027045 
5.80447 74169.2 0.00270687 
5.79776 74089.4 0.00270924 
5.7911 74010.2 0.00271159 
5.78448 73931.4 0.00271394 
5.7779 73853.1 0.00271627 
5.77137 73775.3 0.00271859 
5.76487 73698 0.00272091 
5.75842 73621.2 0.00272322 
5.75201 73544.8 0.00272551 
5.74564 73468.9 0.0027278 
5.73931 73393.5 0.00273007 
5.73302 73318.5 0.00273234 
5.72677 73243.9 0.0027346 
5.72056 73169.8 0.00273685 
5.71438 73096.2 0.00273909 
5.70825 73023 0.00274132 
5.70215 72950.2 0.00274354 
5.69609 72877.8 0.00274576 
5.69007 72805.9 0.00274796 
5.68408 72734.3 0.00275016 
5.67814 72663.2 0.00275234 
5.67222 72592.5 0.00275452 
5.66635 72522.2 0.00275669 
5.66051 72452.3 0.00275885 
5.6547 72382.8 0.00276101 
5.64893 72313.7 0.00276315 
5.6432 72245 0.00276529 
5.6375 72176.7 0.00276742 
5.63183 72108.8 0.00276953 
5.6262 72041.2 0.00277165 
5.6206 71974 0.00277375 
5.61503 71907.2 0.00277585 
5.6095 71840.7 0.00277793 
5.604 71774.6 0.00278001 
5.59853 71708.9 0.00278209 
5.59309 71643.5 0.00278415 
5.58769 71578.5 0.00278621 
5.58231 71513.9 0.00278825 
5.57697 71449.6 0.0027903 
5.57166 71385.6 0.00279233 
5.56638 71321.9 0.00279436 
5.56113 71258.7 0.00279637 
5.55591 71195.7 0.00279838 
5.55073 71133.1 0.00280039 
5.54557 71070.8 0.00280238 
5.54044 71008.8 0.00280437 
5.53534 70947.2 0.00280635 
5.53027 70885.8 0.00280833 
5.52523 70824.8 0.00281029 
5.52022 70764.1 0.00281225 
5.51523 70703.7 0.00281421 
5.51028 70643.7 0.00281615 
5.50535 70583.9 0.00281809 
5.50045 70524.4 0.00282002 
5.49558 70465.2 0.00282195 
5.49073 70406.4 0.00282386 
5.48591 70347.8 0.00282577 
5.48112 70289.5 0.00282768 
5.47636 70231.5 0.00282957 
5.47162 70173.8 0.00283146 
5.46691 70116.4 0.00283335 
5.46223 70059.3 0.00283522 
5.45757 70002.4 0.00283709 
5.45294 69945.8 0.00283895 
5.44833 69889.5 0.00284081 
5.44375 69833.5 0.00284266 
5.43919 69777.7 0.0028445 
5.43466 69722.3 0.00284634 
5.43015 69667 0.00284817 
5.42567 69612.1 0.00284999 
5.42122 69557.4 0.0028518 
5.41678 69502.9 0.00285361 
5.41238 69448.8 0.00285542 
5.40799 69394.8 0.00285721 
5.40363 69341.2 0.002859 
5.3993 69287.8 0.00286079 
5.39498 69234.6 0.00286256 
5.3907 69181.7 0.00286433 
5.38643 69129 0.0028661 
5.38219 69076.6 0.00286785 
5.37797 69024.4 0.00286961 
5.37377 68972.4 0.00287135 
5.3696 68920.7 0.00287309 
5.36545 68869.2 0.00287482 
5.36132 68818 0.00287655 
5.35721 68767 0.00287827 
5.35312 68716.2 0.00287998 
5.34906 68665.7 0.00288169 
5.34502 68615.3 0.00288339 
5.341 68565.2 0.00288508 
5.337 68515.3 0.00288677 
5.33302 68465.7 0.00288845 
5.32907 68416.3 0.00289013 
5.32513 68367 0.0028918 
5.32122 68318 0.00289346 
5.31733 68269.3 0.00289512 
5.31346 68220.7 0.00289677 
5.3096 68172.3 0.00289842 
5.30577 68124.2 0.00290006 
5.30196 68076.2 0.00290169 
5.29817 68028.5 0.00290332 
5.2944 67981 0.00290494 
5.29065 67933.6 0.00290655 
5.28692 67886.5 0.00290816 
5.28321 67839.6 0.00290977 
5.27952 67792.8 0.00291136 
5.27584 67746.3 0.00291295 
5.27219 67700 0.00291454 
5.26856 67653.8 0.00291612 
5.26494 67607.9 0.00291769 
5.26134 67562.2 0.00291925 
5.25777 67516.6 0.00292082 
5.25421 67471.2 0.00292237 
5.25067 67426 0.00292392 
5.24715 67381 0.00292546 
5.24364 67336.2 0.002927 
5.24016 67291.6 0.00292853 
5.23669 67247.1 0.00293005 
5.23324 67202.9 0.00293157 
5.22981 67158.8 0.00293308 
5.2264 67114.9 0.00293459 
5.223 67071.2 0.00293609 
5.21963 67027.6 0.00293759 
5.21626 66984.2 0.00293908 
5.21292 66941 0.00294056 
5.2096 66898 0.00294204 
5.20629 66855.1 0.00294351 
5.203 66812.4 0.00294497 
5.19972 66769.9 0.00294643 
5.19646 66727.6 0.00294788 
5.19322 66685.4 0.00294933 
5.19 66643.4 0.00295077 
5.18679 66601.5 0.00295221 
5.1836 66559.8 0.00295364 
5.18042 66518.3 0.00295506 
5.17727 66476.9 0.00295648 
5.17412 66435.7 0.00295789 
5.171 66394.6 0.0029593 
5.16789 66353.7 0.0029607 
5.16479 66313 0.00296209 
5.16171 66272.4 0.00296348 
5.15865 66232 0.00296487 
5.1556 66191.7 0.00296624 
5.15257 66151.6 0.00296761 
5.14955 66111.6 0.00296898 
5.14655 66071.8 0.00297034 
5.14357 66032.1 0.00297169 
5.14059 65992.6 0.00297304 
5.13764 65953.2 0.00297438 
5.1347 65914 0.00297572 
5.13177 65874.9 0.00297705 
5.12886 65836 0.00297837 
5.12596 65797.2 0.00297969 
5.12308 65758.5 0.002981 
5.12021 65720 0.00298231 
5.11736 65681.7 0.00298361 
5.11452 65643.4 0.0029849 
5.1117 65605.4 0.00298619 
5.10889 65567.4 0.00298748 
5.10609 65529.6 0.00298875 
5.10331 65491.9 0.00299003 
5.10054 65454.4 0.00299129 
5.09779 65417 0.00299255 
5.09505 65379.7 0.00299381 
5.09232 65342.6 0.00299505 
5.08961 65305.6 0.0029963 
5.08691 65268.7 0.00299753 
5.08422 65231.9 0.00299876 
5.08155 65195.3 0.00299999 
5.07889 65158.8 0.00300121 
5.07624 65122.5 0.00300242 
5.07361 65086.3 0.00300363 
5.07099 65050.2 0.00300483 
5.06838 65014.2 0.00300603 
5.06579 64978.3 0.00300722 
5.06321 64942.6 0.0030084 
5.06064 64907 0.00300958 
5.05809 64871.5 0.00301075 
5.05554 64836.2 0.00301192 
5.05301 64800.9 0.00301308 
5.05049 64765.8 0.00301423 
5.04799 64730.8 0.00301538 
5.04549 64695.9 0.00301653 
5.04301 64661.2 0.00301767 
5.04054 64626.5 0.0030188 
5.03809 64592 0.00301992 
5.03564 64557.6 0.00302104 
5.03321 64523.3 0.00302216 
5.03079 64489.2 0.00302327 
5.02838 64455.1 0.00302437 
5.02598 64421.1 0.00302547 
5.0236 64387.3 0.00302656 
5.02122 64353.6 0.00302764 
5.01886 64320 0.00302872 
5.01651 64286.5 0.0030298 
5.01417 64253.1 0.00303086 
5.01184 64219.8 0.00303193 
5.00953 64186.6 0.00303298 
5.00722 64153.6 0.00303403 
5.00493 64120.6 0.00303508 
5.00264 64087.8 0.00303612 
5.00037 64055 0.00303715 
4.99811 64022.4 0.00303818 
4.99586 63989.9 0.0030392 
4.99362 63957.5 0.00304022 
4.99139 63925.1 0.00304123 
4.98917 63892.9 0.00304223 
4.98696 63860.8 0.00304323 
4.98477 63828.8 0.00304422 
4.98258 63796.9 0.00304521 
4.9804 63765.1 0.00304619 
4.97824 63733.4 0.00304717 
4.97608 63701.8 0.00304814 
4.97394 63670.3 0.0030491 
4.9718 63638.9 0.00305006 
4.96968 63607.6 0.00305101 
4.96756 63576.4 0.00305196 
4.96546 63545.2 0.0030529 
4.96336 63514.2 0.00305384 
4.96128 63483.3 0.00305477 
4.9592 63452.5 0.00305569 
4.95714 63421.8 0.00305661 
4.95508 63391.1 0.00305752 
4.95304 63360.6 0.00305843 
4.951 63330.1 0.00305933 
4.94897 63299.8 0.00306022 
4.94696 63269.5 0.00306111 
4.94495 63239.4 0.003062 
4.94295 63209.3 0.00306287 
4.94096 63179.3 0.00306375 
4.93898 63149.4 0.00306461 
4.93701 63119.6 0.00306547 
4.93505 63089.9 0.00306633 
4.9331 63060.3 0.00306718 
4.93115 63030.7 0.00306802 
4.92922 63001.3 0.00306886 
4.92729 62971.9 0.00306969 
4.92538 62942.6 0.00307052 
4.92347 62913.5 0.00307134 
4.92157 62884.4 0.00307216 
4.91968 62855.4 0.00307297 
4.9178 62826.4 0.00307377 
4.91592 62797.6 0.00307457 
4.91406 62768.8 0.00307536 
4.9122 62740.2 0.00307615 
4.91036 62711.6 0.00307693 
4.90852 62683.1 0.00307771 
4.90668 62654.6 0.00307848 
4.90486 62626.3 0.00307924 
4.90305 62598 0.00308 
4.90124 62569.9 0.00308075 
4.89944 62541.8 0.0030815 
4.89765 62513.7 0.00308224 
4.89587 62485.8 0.00308298 
4.8941 62458 0.00308371 
4.89233 62430.2 0.00308443 
4.89057 62402.5 0.00308515 
4.88882 62374.9 0.00308587 
4.88708 62347.3 0.00308657 
4.88535 62319.9 0.00308728 
4.88362 62292.5 0.00308797 
4.8819 62265.2 0.00308867 
4.88019 62237.9 0.00308935 
4.87848 62210.8 0.00309003 
4.87679 62183.7 0.00309071 
4.8751 62156.7 0.00309138 
4.87341 62129.8 0.00309204 
4.87174 62102.9 0.0030927 
4.87007 62076.2 0.00309335 
4.86841 62049.5 0.003094 
4.86676 62022.8 0.00309464 
4.86511 61996.3 0.00309527 
4.86347 61969.8 0.00309591 
4.86184 61943.4 0.00309653 
4.86022 61917 0.00309715 
4.8586 61890.8 0.00309776 
4.85699 61864.6 0.00309837 
4.85539 61838.5 0.00309897 
4.85379 61812.4 0.00309957 
4.8522 61786.4 0.00310016 
4.85062 61760.5 0.00310075 
4.84904 61734.7 0.00310133 
4.84747 61708.9 0.00310191 
4.84591 61683.2 0.00310248 
4.84435 61657.6 0.00310304 
4.8428 61632 0.0031036 
4.84126 61606.5 0.00310416 
4.83972 61581.1 0.0031047 
4.83819 61555.7 0.00310525 
4.83667 61530.4 0.00310578 
4.83515 61505.2 0.00310632 
4.83364 61480 0.00310684 
4.83213 61454.9 0.00310736 
4.83063 61429.9 0.00310788 
4.82914 61404.9 0.00310839 
4.82765 61380 0.0031089 
4.82617 61355.2 0.0031094 
4.8247 61330.4 0.00310989 
4.82323 61305.7 0.00311038 
4.82177 61281.1 0.00311086 
4.82031 61256.5 0.00311134 
4.81886 61232 0.00311182 
4.81741 61207.5 0.00311228 
4.81597 61183.2 0.00311275 
4.81454 61158.8 0.0031132 
4.81311 61134.6 0.00311366 
4.81169 61110.4 0.0031141 
4.81028 61086.2 0.00311454 
4.80887 61062.2 0.00311498 
4.80746 61038.1 0.00311541 
4.80606 61014.2 0.00311584 
4.80467 60990.3 0.00311626 
4.80328 60966.4 0.00311667 
4.8019 60942.7 0.00311708 
4.80052 60919 0.00311749 
4.79915 60895.3 0.00311789 
4.79778 60871.7 0.00311828 
4.79642 60848.2 0.00311867 
4.79506 60824.7 0.00311905 
4.79371 60801.3 0.00311943 
4.79237 60777.9 0.00311981 
4.79103 60754.6 0.00312017 
4.78969 60731.4 0.00312054 
4.78836 60708.2 0.0031209 
4.78704 60685 0.00312125 
4.78572 60662 0.0031216 
4.7844 60638.9 0.00312194 
4.78309 60616 0.00312228 
4.78179 60593.1 0.00312261 
4.78048 60570.2 0.00312294 
4.77919 60547.4 0.00312326 
4.7779 60524.7 0.00312358 
4.77661 60502 0.00312389 
4.77533 60479.4 0.0031242 
4.77406 60456.8 0.0031245 
4.77278 60434.3 0.0031248 
4.77152 60411.8 0.00312509 
4.77025 60389.4 0.00312538 
4.769 60367 0.00312566 
4.76774 60344.7 0.00312593 
4.76649 60322.4 0.00312621 
4.76525 60300.2 0.00312647 
4.76401 60278.1 0.00312674 
4.76278 60256 0.00312699 
4.76154 60234 0.00312725 
4.76032 60212 0.00312749 
4.7591 60190 0.00312774 
4.75788 60168.1 0.00312797 
4.75667 60146.3 0.00312821 
4.75546 60124.5 0.00312843 
4.75425 60102.8 0.00312866 
4.75305 60081.1 0.00312888 
4.75185 60059.4 0.00312909 
4.75066 60037.9 0.0031293 
4.74947 60016.3 0.0031295 
4.74829 59994.8 0.0031297 
4.74711 59973.4 0.00312989 
4.74593 59952 0.00313008 
4.74476 59930.7 0.00313027 
4.74359 59909.4 0.00313045 
4.74243 59888.2 0.00313062 
4.74127 59867 0.00313079 
4.74011 59845.8 0.00313096 
4.73896 59824.7 0.00313112 
4.73781 59803.7 0.00313127 
4.73667 59782.7 0.00313142 
4.73552 59761.7 0.00313157 
4.73439 59740.8 0.00313171 
4.73325 59720 0.00313185 
4.73212 59699.1 0.00313198 
4.731 59678.4 0.00313211 
4.72988 59657.7 0.00313223 
4.72876 59637 0.00313235 
4.72764 59616.4 0.00313246 
4.72653 59595.8 0.00313257 
4.72542 59575.2 0.00313268 
4.72432 59554.8 0.00313278 
4.72322 59534.3 0.00313287 
4.72212 59513.9 0.00313296 
4.72102 59493.6 0.00313305 
4.71993 59473.3 0.00313313 
4.71885 59453 0.00313321 
4.71776 59432.8 0.00313328 
4.71668 59412.6 0.00313335 
4.7156 59392.5 0.00313341 
4.71453 59372.4 0.00313347 
4.71346 59352.3 0.00313353 
4.71239 59332.3 0.00313358 
4.71133 59312.4 0.00313362 
4.71027 59292.4 0.00313366 
4.70921 59272.6 0.0031337 
4.70815 59252.7 0.00313373 
4.7071 59233 0.00313376 
4.70605 59213.2 0.00313378 
4.70501 59193.5 0.0031338 
4.70396 59173.9 0.00313382 
4.70293 59154.2 0.00313383 
4.70189 59134.7 0.00313383 
4.70086 59115.1 0.00313383 
4.69983 59095.6 0.00313383 
4.6988 59076.2 0.00313382 
4.69777 59056.8 0.00313381 
4.69675 59037.4 0.0031338 
4.69573 59018.1 0.00313378 
4.69472 58998.8 0.00313375 
4.69371 58979.5 0.00313372 
4.6927 58960.3 0.00313369 
4.69169 58941.1 0.00313366 
4.69068 58922 0.00313361 
4.68968 58902.9 0.00313357 
4.68868 58883.9 0.00313352 
4.68769 58864.9 0.00313347 
4.68669 58845.9 0.00313341 
4.6857 58827 0.00313335 
4.68472 58808.1 0.00313328 
4.68373 58789.2 0.00313321 
4.68275 58770.4 0.00313313 
4.68177 58751.6 0.00313306 
4.68079 58732.9 0.00313297 
4.67981 58714.2 0.00313289 
4.67884 58695.5 0.00313279 
4.67787 58676.9 0.0031327 
4.6769 58658.3 0.0031326 
4.67594 58639.8 0.0031325 
4.67498 58621.2 0.00313239 
4.67402 58602.8 0.00313228 
4.67306 58584.3 0.00313216 
4.6721 58565.9 0.00313204 
4.67115 58547.6 0.00313192 
4.6702 58529.2 0.00313179 
4.66925 58510.9 0.00313166 
4.66831 58492.7 0.00313153 
4.66736 58474.5 0.00313139 
4.66642 58456.3 0.00313125 
4.66548 58438.1 0.0031311 
4.66455 58420 0.00313095 
4.66361 58402 0.00313079 
4.66268 58383.9 0.00313064 
4.66175 58365.9 0.00313047 
4.66082 58348 0.00313031 
4.6599 58330 0.00313014 
4.65897 58312.1 0.00312996 
4.65805 58294.3 0.00312979 
4.65713 58276.4 0.00312961 
4.65622 58258.6 0.00312942 
4.6553 58240.9 0.00312923 
4.65439 58223.2 0.00312904 
4.65348 58205.5 0.00312884 
4.65257 58187.8 0.00312864 
4.65166 58170.2 0.00312844 
4.65076 58152.6 0.00312823 
4.64986 58135 0.00312802 
4.64896 58117.5 0.00312781 
4.64806 58100 0.00312759 
4.64716 58082.6 0.00312736 
4.64627 58065.2 0.00312714 
4.64538 58047.8 0.00312691 
4.64448 58030.4 0.00312668 
4.6436 58013.1 0.00312644 
4.64271 57995.8 0.0031262 
4.64182 57978.6 0.00312596 
4.64094 57961.3 0.00312571 
4.64006 57944.1 0.00312546 
4.63918 57927 0.0031252 
4.6383 57909.9 0.00312494 
4.63743 57892.8 0.00312468 
4.63655 57875.7 0.00312442 
4.63568 57858.7 0.00312415 
4.63481 57841.7 0.00312388 
4.63394 57824.7 0.0031236 
4.63307 57807.8 0.00312332 
4.63221 57790.9 0.00312304 
4.63134 57774 0.00312276 
4.63048 57757.1 0.00312247 
4.62962 57740.3 0.00312217 
4.62876 57723.5 0.00312188 
4.62791 57706.8 0.00312158 
4.62705 57690.1 0.00312128 
4.6262 57673.4 0.00312097 
4.62534 57656.7 0.00312066 
4.62449 57640.1 0.00312035 
4.62364 57623.5 0.00312003 
4.6228 57606.9 0.00311971 
4.62195 57590.4 0.00311939 
4.62111 57573.9 0.00311906 
4.62026 57557.4 0.00311874 
4.61942 57541 0.0031184 
4.61858 57524.5 0.00311807 
4.61775 57508.1 0.00311773 
4.61691 57491.8 0.00311739 
4.61607 57475.4 0.00311704 
4.61524 57459.1 0.00311669 
4.61441 57442.9 0.00311634 
4.61358 57426.6 0.00311599 
4.61275 57410.4 0.00311563 
4.61192 57394.2 0.00311527 
4.61109 57378.1 0.0031149 
4.61027 57361.9 0.00311454 
4.60944 57345.8 0.00311417 
4.60862 57329.8 0.00311379 
4.6078 57313.7 0.00311342 
4.60698 57297.7 0.00311304 
4.60616 57281.7 0.00311266 
4.60534 57265.7 0.00311227 
4.60453 57249.8 0.00311188 
4.60371 57233.9 0.00311149 
4.6029 57218 0.0031111 
4.60209 57202.2 0.0031107 
4.60128 57186.4 0.0031103 
4.60047 57170.6 0.00310989 
4.59966 57154.8 0.00310949 
4.59885 57139 0.00310908 
4.59805 57123.3 0.00310867 
4.59724 57107.6 0.00310825 
4.59644 57092 0.00310783 
4.59564 57076.4 0.00310741 
4.59483 57060.7 0.00310699 
4.59403 57045.2 0.00310656 
4.59324 57029.6 0.00310613 
4.59244 57014.1 0.0031057 
4.59164 56998.6 0.00310527 
4.59085 56983.1 0.00310483 
4.59005 56967.7 0.00310439 
4.58926 56952.2 0.00310394 
4.58847 56936.8 0.0031035 
4.58768 56921.5 0.00310305 
4.58689 56906.1 0.0031026 
4.5861 56890.8 0.00310214 
4.58531 56875.5 0.00310169 
4.58453 56860.2 0.00310123 
4.58374 56845 0.00310076 
4.58296 56829.8 0.0031003 
4.58217 56814.6 0.00309983 
4.58139 56799.4 0.00309936 
4.58061 56784.3 0.00309889 
4.57983 56769.1 0.00309841 
4.57905 56754 0.00309793 
4.57827 56739 0.00309745 
4.57749 56723.9 0.00309697 
4.57672 56708.9 0.00309648 
4.57594 56693.9 0.00309599 
4.57517 56679 0.0030955 
4.5744 56664 0.00309501 
4.57362 56649.1 0.00309451 
4.57285 56634.2 0.00309401 
4.57208 56619.3 0.00309351 
4.57131 56604.5 0.00309301 
4.57054 56589.6 0.0030925 
4.56977 56574.8 0.00309199 
4.56901 56560.1 0.00309148 
4.56824 56545.3 0.00309097 
4.56748 56530.6 0.00309045 
4.56671 56515.9 0.00308993 
4.56595 56501.2 0.00308941 
4.56519 56486.5 0.00308889 
4.56442 56471.9 0.00308836 
4.56366 56457.3 0.00308784 
4.5629 56442.7 0.00308731 
4.56214 56428.1 0.00308677 
4.56139 56413.6 0.00308624 
4.56063 56399.1 0.0030857 
4.55987 56384.6 0.00308516 
4.55912 56370.1 0.00308462 
4.55836 56355.6 0.00308407 
4.55761 56341.2 0.00308353 
4.55685 56326.8 0.00308298 
4.5561 56312.4 0.00308243 
4.55535 56298 0.00308187 
4.5546 56283.7 0.00308132 
4.55385 56269.4 0.00308076 
4.5531 56255.1 0.0030802 
4.55235 56240.8 0.00307964 
4.5516 56226.6 0.00307907 
4.55085 56212.3 0.00307851 
4.55011 56198.1 0.00307794 
4.54936 56183.9 0.00307737 
4.54861 56169.8 0.00307679 
4.54787 56155.6 0.00307622 
4.54713 56141.5 0.00307564 
4.54638 56127.4 0.00307506 
4.54564 56113.3 0.00307448 
4.5449 56099.3 0.0030739 
4.54416 56085.2 0.00307331 
4.54342 56071.2 0.00307272 
4.54268 56057.2 0.00307214 
4.54194 56043.3 0.00307154 
4.5412 56029.3 0.00307095 
4.54046 56015.4 0.00307035 
4.53972 56001.5 0.00306976 
4.53899 55987.6 0.00306916 
4.53825 55973.7 0.00306855 
4.53751 55959.9 0.00306795 
4.53678 55946.1 0.00306735 
4.53604 55932.3 0.00306674 
4.53531 55918.5 0.00306613 
4.53458 55904.7 0.00306552 
4.53385 55891 0.0030649 
4.53311 55877.2 0.00306429 
4.53238 55863.5 0.00306367 
4.53165 55849.9 0.00306305 
4.53092 55836.2 0.00306243 
4.53019 55822.6 0.00306181 
4.52946 55808.9 0.00306119 
4.52874 55795.3 0.00306056 
4.52801 55781.7 0.00305993 
4.52728 55768.2 0.0030593 
4.52655 55754.6 0.00305867 
4.52583 55741.1 0.00305804 
4.5251 55727.6 0.0030574 
4.52438 55714.1 0.00305676 
4.52365 55700.7 0.00305612 
4.52293 55687.2 0.00305548 
4.5222 55673.8 0.00305484 
4.52148 55660.4 0.0030542 
4.52076 55647 0.00305355 
4.52004 55633.6 0.0030529 
4.51931 55620.3 0.00305226 
4.51859 55607 0.0030516 
4.51787 55593.7 0.00305095 
4.51715 55580.4 0.0030503 
4.51643 55567.1 0.00304964 
4.51571 55553.8 0.00304899 
4.515 55540.6 0.00304833 
4.51428 55527.4 0.00304767 
4.51356 55514.2 0.003047 
4.51284 55501 0.00304634 
4.51213 55487.9 0.00304567 
4.51141 55474.7 0.00304501 
4.51069 55461.6 0.00304434 
4.50998 55448.5 0.00304367 
4.50926 55435.4 0.003043 
4.50855 55422.3 0.00304232 
4.50783 55409.3 0.00304165 
4.50712 55396.3 0.00304097 
4.50641 55383.2 0.0030403 
4.50569 55370.3 0.00303962 
4.50498 55357.3 0.00303894 
4.50427 55344.3 0.00303825 
4.50356 55331.4 0.00303757 
4.50285 55318.5 0.00303689 
4.50214 55305.5 0.0030362 
4.50143 55292.7 0.00303551 
4.50072 55279.8 0.00303482 
4.50001 55266.9 0.00303413 
4.4993 55254.1 0.00303344 
4.49859 55241.3 0.00303275 
4.49788 55228.5 0.00303205 
4.49717 55215.7 0.00303136 
4.49646 55202.9 0.00303066 
4.49576 55190.2 0.00302996 
4.49505 55177.5 0.00302926 
4.49434 55164.8 0.00302856 
4.49364 55152.1 0.00302785 
4.49293 55139.4 0.00302715 
4.49222 55126.7 0.00302644 
4.49152 55114.1 0.00302574 
4.49081 55101.5 0.00302503 
4.49011 55088.8 0.00302432 
4.48941 55076.3 0.00302361 
4.4887 55063.7 0.0030229 
4.488 55051.1 0.00302219 
4.4873 55038.6 0.00302147 
4.48659 55026 0.00302076 
4.48589 55013.5 0.00302004 
4.48519 55001 0.00301932 
4.48449 54988.6 0.0030186 
4.48378 54976.1 0.00301788 
4.48308 54963.7 0.00301716 
4.48238 54951.2 0.00301644 
4.48168 54938.8 0.00301571 
4.48098 54926.4 0.00301499 
4.48028 54914.1 0.00301426 
4.47958 54901.7 0.00301354 
4.47888 54889.3 0.00301281 
4.47818 54877 0.00301208 
4.47748 54864.7 0.00301135 
4.47679 54852.4 0.00301062 
4.47609 54840.1 0.00300988 
4.47539 54827.9 0.00300915 
4.47469 54815.6 0.00300842 
4.474 54803.4 0.00300768 
4.4733 54791.2 0.00300694 
4.4726 54779 0.00300621 
4.47191 54766.8 0.00300547 
4.47121 54754.6 0.00300473 
4.47051 54742.4 0.00300399 
4.46982 54730.3 0.00300324 
4.46912 54718.2 0.0030025 
4.46843 54706.1 0.00300176 
4.46773 54694 0.00300101 
4.46704 54681.9 0.00300027 
4.46634 54669.8 0.00299952 
4.46565 54657.8 0.00299877 
4.46496 54645.8 0.00299802 
4.46426 54633.7 0.00299727 
4.46357 54621.7 0.00299652 
4.46288 54609.8 0.00299577 
4.46218 54597.8 0.00299502 
4.46149 54585.8 0.00299427 
4.4608 54573.9 0.00299351 
4.46011 54562 0.00299276 
4.45941 54550 0.002992 
4.45872 54538.1 0.00299125 
4.45803 54526.3 0.00299049 
4.45734 54514.4 0.00298973 
4.45665 54502.5 0.00298897 
4.45596 54490.7 0.00298821 
4.45527 54478.9 0.00298745 
4.45458 54467.1 0.00298669 
4.45389 54455.3 0.00298593 
4.4532 54443.5 0.00298516 
4.45251 54431.7 0.0029844 
4.45182 54420 0.00298363 
4.45113 54408.3 0.00298287 
4.45044 54396.5 0.0029821 
4.44975 54384.8 0.00298133 
4.44907 54373.1 0.00298057 
4.44838 54361.5 0.0029798 
4.44769 54349.8 0.00297903 
4.447 54338.1 0.00297826 
4.44631 54326.5 0.00297749 
4.44563 54314.9 0.00297672 
4.44494 54303.3 0.00297594 
4.44425 54291.7 0.00297517 
4.44357 54280.1 0.0029744 
4.44288 54268.5 0.00297362 
4.44219 54257 0.00297285 
4.44151 54245.4 0.00297207 
4.44082 54233.9 0.0029713 
4.44014 54222.4 0.00297052 
4.43945 54210.9 0.00296974 
4.43876 54199.4 0.00296897 
4.43808 54188 0.00296819 
4.43739 54176.5 0.00296741 
4.43671 54165.1 0.00296663 
4.43602 54153.6 0.00296585 
4.43534 54142.2 0.00296507 
4.43466 54130.8 0.00296429 
4.43397 54119.4 0.0029635 
4.43329 54108.1 0.00296272 
4.4326 54096.7 0.00296194 
4.43192 54085.4 0.00296115 
4.43124 54074 0.00296037 
4.43055 54062.7 0.00295959 
4.42987 54051.4 0.0029588 
4.42919 54040.1 0.00295801 
4.42851 54028.8 0.00295723 
4.42782 54017.5 0.00295644 
4.42714 54006.3 0.00295565 
4.42646 53995 0.00295487 
4.42578 53983.8 0.00295408 
4.4251 53972.6 0.00295329 
4.42441 53961.4 0.0029525 
4.42373 53950.2 0.00295171 
4.42305 53939 0.00295092 
4.42237 53927.9 0.00295013 
4.42169 53916.7 0.00294934 
4.42101 53905.6 0.00294855 
4.42033 53894.5 0.00294775 
4.41965 53883.3 0.00294696 
4.41897 53872.2 0.00294617 
4.41829 53861.2 0.00294538 
4.41761 53850.1 0.00294458 
4.41693 53839 0.00294379 
4.41625 53828 0.00294299 
4.41557 53816.9 0.0029422 
4.41489 53805.9 0.0029414 
4.41421 53794.9 0.00294061 
4.41353 53783.9 0.00293981 
4.41285 53772.9 0.00293902 
4.41218 53761.9 0.00293822 
4.4115 53751 0.00293742 
4.41082 53740 0.00293663 
4.41014 53729.1 0.00293583 
4.40946 53718.1 0.00293503 
4.40878 53707.2 0.00293423 
4.40811 53696.3 0.00293343 
4.40743 53685.4 0.00293263 
4.40675 53674.6 0.00293184 
