0 0 0 
25.4368 405975 0.00061232 
22.1955 344890 0.000513675 
20.2098 303603 0.00056893 
18.8333 274212 0.000646011 
17.7869 252307 0.000719546 
16.9433 235344 0.000787185 
16.238 221787 0.000849559 
15.6343 210673 0.000907386 
15.1087 201368 0.000961224 
14.6455 193442 0.00101151 
14.2329 186591 0.00105862 
13.8623 180597 0.00110286 
13.5269 175298 0.0011445 
13.2215 170570 0.0011838 
12.9418 166318 0.00122095 
12.6844 162467 0.00125616 
12.4464 158959 0.00128958 
12.2254 155746 0.00132137 
12.0196 152788 0.00135166 
11.8272 150054 0.00138057 
11.6468 147516 0.0014082 
11.4773 145152 0.00143466 
11.3174 142942 0.00146002 
11.1665 140871 0.00148436 
11.0235 138925 0.00150776 
10.8879 137091 0.00153028 
10.7591 135360 0.00155197 
10.6364 133720 0.00157289 
10.5194 132166 0.00159309 
10.4076 130689 0.00161261 
10.3008 129283 0.00163149 
10.1984 127943 0.00164976 
10.1003 126664 0.00166747 
10.0061 125440 0.00168464 
9.91558 124269 0.00170131 
9.82847 123146 0.00171749 
9.74458 122069 0.00173322 
9.66371 121033 0.00174851 
9.58568 120037 0.0017634 
9.51033 119078 0.00177789 
9.43749 118154 0.001792 
9.36705 117262 0.00180577 
9.29886 116401 0.00181919 
9.2328 115568 0.00183229 
9.16877 114764 0.00184508 
9.10666 113985 0.00185757 
9.04637 113230 0.00186978 
8.98782 112499 0.00188171 
8.93093 111790 0.00189339 
8.87561 111101 0.00190481 
8.8218 110433 0.00191599 
8.76942 109783 0.00192695 
8.71841 109152 0.00193768 
8.66872 108538 0.00194819 
8.62028 107940 0.0019585 
8.57305 107357 0.00196861 
8.52696 106790 0.00197853 
8.48199 106237 0.00198826 
8.43807 105698 0.00199782 
8.39518 105172 0.0020072 
8.35327 104659 0.00201641 
8.3123 104158 0.00202547 
8.27224 103668 0.00203437 
8.23305 103190 0.00204311 
8.19471 102722 0.00205172 
8.15717 102265 0.00206018 
8.12042 101817 0.0020685 
8.08443 101379 0.00207669 
8.04917 100951 0.00208475 
8.01461 100531 0.00209269 
7.98073 100121 0.0021005 
7.94751 99717.9 0.0021082 
7.91493 99323.3 0.00211578 
7.88297 98936.4 0.00212325 
7.8516 98557.1 0.00213062 
7.82082 98185 0.00213788 
7.79059 97819.9 0.00214503 
7.76091 97461.7 0.00215209 
7.73175 97110 0.00215905 
7.70311 96764.7 0.00216591 
7.67496 96425.6 0.00217268 
7.64729 96092.5 0.00217937 
7.6201 95765.2 0.00218596 
7.59336 95443.6 0.00219247 
7.56706 95127.4 0.0021989 
7.54119 94816.6 0.00220525 
7.51573 94510.9 0.00221152 
7.49069 94210.3 0.00221771 
7.46604 93914.5 0.00222382 
7.44177 93623.5 0.00222987 
7.41788 93337.1 0.00223584 
7.39436 93055.3 0.00224174 
7.37119 92777.8 0.00224757 
7.34837 92504.5 0.00225333 
7.32588 92235.4 0.00225903 
7.30373 91970.4 0.00226467 
7.2819 91709.3 0.00227024 
7.26038 91452 0.00227575 
7.23917 91198.5 0.0022812 
7.21825 90948.6 0.00228659 
7.19763 90702.3 0.00229193 
7.17729 90459.5 0.00229721 
7.15723 90220.1 0.00230243 
7.13744 89984 0.0023076 
7.11792 89751.1 0.00231272 
7.09866 89521.3 0.00231778 
7.07965 89294.7 0.0023228 
7.06089 89071.1 0.00232776 
7.04237 88850.4 0.00233268 
7.02408 88632.6 0.00233755 
7.00604 88417.6 0.00234237 
6.98821 88205.4 0.00234714 
6.97061 87995.9 0.00235187 
6.95323 87789 0.00235656 
6.93606 87584.7 0.0023612 
6.9191 87382.9 0.0023658 
6.90234 87183.6 0.00237036 
6.88579 86986.7 0.00237488 
6.86942 86792.2 0.00237935 
6.85326 86600 0.00238379 
6.83728 86410.1 0.00238819 
6.82148 86222.4 0.00239255 
6.80587 86036.9 0.00239687 
6.79043 85853.5 0.00240116 
6.77517 85672.2 0.00240541 
6.76008 85493 0.00240962 
6.74515 85315.8 0.0024138 
6.73039 85140.6 0.00241794 
6.71579 84967.3 0.00242205 
6.70135 84795.9 0.00242613 
6.68707 84626.4 0.00243017 
6.67294 84458.8 0.00243418 
6.65896 84292.9 0.00243816 
6.64512 84128.8 0.00244211 
6.63143 83966.4 0.00244603 
6.61788 83805.7 0.00244992 
6.60447 83646.7 0.00245377 
6.5912 83489.4 0.0024576 
6.57806 83333.6 0.0024614 
6.56506 83179.5 0.00246517 
6.55218 83026.9 0.00246892 
6.53944 82875.8 0.00247263 
6.52682 82726.2 0.00247632 
6.51432 82578.1 0.00247998 
6.50194 82431.5 0.00248362 
6.48969 82286.3 0.00248723 
6.47755 82142.5 0.00249081 
6.46553 82000.1 0.00249437 
6.45362 81859 0.00249791 
6.44182 81719.3 0.00250142 
6.43013 81580.9 0.00250491 
6.41856 81443.8 0.00250837 
6.40708 81307.9 0.00251181 
6.39572 81173.4 0.00251522 
6.38445 81040 0.00251862 
6.37329 80907.9 0.00252199 
6.36223 80776.9 0.00252534 
6.35127 80647.1 0.00252866 
6.34041 80518.5 0.00253197 
6.32964 80391.1 0.00253525 
6.31897 80264.7 0.00253852 
6.30838 80139.5 0.00254176 
6.2979 80015.3 0.00254498 
6.2875 79892.2 0.00254819 
6.27719 79770.2 0.00255137 
6.26696 79649.2 0.00255453 
6.25683 79529.3 0.00255768 
6.24678 79410.3 0.0025608 
6.23681 79292.4 0.00256391 
6.22693 79175.4 0.002567 
6.21713 79059.4 0.00257007 
6.20741 78944.4 0.00257312 
6.19777 78830.3 0.00257615 
6.1882 78717.1 0.00257917 
6.17872 78604.8 0.00258217 
6.16931 78493.5 0.00258515 
6.15997 78383 0.00258811 
6.15072 78273.4 0.00259106 
6.14153 78164.7 0.00259399 
6.13241 78056.8 0.00259691 
6.12337 77949.8 0.00259981 
6.1144 77843.6 0.00260269 
6.1055 77738.2 0.00260556 
6.09666 77633.6 0.00260841 
6.0879 77529.9 0.00261125 
6.0792 77426.9 0.00261407 
6.07056 77324.7 0.00261688 
6.062 77223.2 0.00261967 
6.05349 77122.5 0.00262245 
6.04505 77022.6 0.00262521 
6.03667 76923.4 0.00262796 
6.02836 76824.9 0.00263069 
6.02011 76727.2 0.00263341 
6.01191 76630.1 0.00263612 
6.00378 76533.8 0.00263881 
5.9957 76438.2 0.00264149 
5.98769 76343.2 0.00264416 
5.97973 76248.9 0.00264681 
5.97183 76155.3 0.00264945 
5.96399 76062.3 0.00265208 
5.9562 75970 0.00265469 
5.94846 75878.4 0.00265729 
5.94078 75787.3 0.00265988 
5.93316 75696.9 0.00266246 
5.92559 75607.2 0.00266503 
5.91807 75518 0.00266758 
5.9106 75429.4 0.00267012 
5.90318 75341.5 0.00267265 
5.89582 75254.1 0.00267516 
5.8885 75167.3 0.00267767 
5.88124 75081.1 0.00268016 
5.87402 74995.5 0.00268265 
5.86686 74910.4 0.00268512 
5.85974 74825.9 0.00268758 
5.85267 74741.9 0.00269003 
5.84564 74658.5 0.00269246 
5.83867 74575.7 0.00269489 
5.83174 74493.3 0.00269731 
5.82485 74411.5 0.00269972 
5.81801 74330.2 0.00270211 
5.81122 74249.4 0.0027045 
5.80447 74169.2 0.00270687 
5.79776 74089.4 0.00270924 
5.7911 74010.2 0.00271159 
5.78448 73931.4 0.00271394 
5.7779 73853.1 0.00271627 
5.77137 73775.3 0.00271859 
5.76487 73698 0.00272091 
5.75842 73621.2 0.00272322 
5.75201 73544.8 0.00272551 
5.74564 73468.9 0.0027278 
5.73931 73393.5 0.00273007 
5.73302 73318.5 0.00273234 
5.72677 73243.9 0.0027346 
5.72056 73169.8 0.00273685 
5.71438 73096.2 0.00273909 
5.70825 73023 0.00274132 
5.70215 72950.2 0.00274354 
5.69609 72877.8 0.00274576 
5.69007 72805.9 0.00274796 
5.68408 72734.3 0.00275016 
5.67814 72663.2 0.00275234 
5.67222 72592.5 0.00275452 
5.66635 72522.2 0.00275669 
5.66051 72452.3 0.00275885 
5.6547 72382.8 0.00276101 
5.64893 72313.7 0.00276315 
5.6432 72245 0.00276529 
5.6375 72176.7 0.00276742 
5.63183 72108.8 0.00276953 
5.6262 72041.2 0.00277165 
5.6206 71974 0.00277375 
5.61503 71907.2 0.00277585 
5.6095 71840.7 0.00277793 
5.604 71774.6 0.00278001 
5.59853 71708.9 0.00278209 
5.59309 71643.5 0.00278415 
5.58769 71578.5 0.00278621 
5.58231 71513.9 0.00278825 
5.57697 71449.6 0.0027903 
5.57166 71385.6 0.00279233 
5.56638 71321.9 0.00279436 
5.56113 71258.7 0.00279637 
5.55591 71195.7 0.00279838 
5.55073 71133.1 0.00280039 
5.54557 71070.8 0.00280238 
5.54044 71008.8 0.00280437 
5.53534 70947.2 0.00280635 
5.53027 70885.8 0.00280833 
5.52523 70824.8 0.00281029 
5.52022 70764.1 0.00281225 
5.51523 70703.7 0.00281421 
5.51028 70643.7 0.00281615 
5.50535 70583.9 0.00281809 
5.50045 70524.4 0.00282002 
5.49558 70465.2 0.00282195 
5.49073 70406.4 0.00282386 
5.48591 70347.8 0.00282577 
5.48112 70289.5 0.00282768 
5.47636 70231.5 0.00282957 
5.47162 70173.8 0.00283146 
5.46691 70116.4 0.00283335 
5.46223 70059.3 0.00283522 
5.45757 70002.4 0.00283709 
5.45294 69945.8 0.00283895 
5.44833 69889.5 0.00284081 
5.44375 69833.5 0.00284266 
5.43919 69777.7 0.0028445 
5.43466 69722.3 0.00284634 
5.43015 69667 0.00284817 
5.42567 69612.1 0.00284999 
5.42122 69557.4 0.0028518 
5.41678 69502.9 0.00285361 
5.41238 69448.8 0.00285542 
5.40799 69394.8 0.00285721 
5.40363 69341.2 0.002859 
5.3993 69287.8 0.00286079 
5.39498 69234.6 0.00286256 
5.3907 69181.7 0.00286433 
5.38643 69129 0.0028661 
5.38219 69076.6 0.00286785 
5.37797 69024.4 0.00286961 
5.37377 68972.4 0.00287135 
5.3696 68920.7 0.00287309 
5.36545 68869.2 0.00287482 
5.36132 68818 0.00287655 
5.35721 68767 0.00287827 
5.35312 68716.2 0.00287998 
5.34906 68665.7 0.00288169 
5.34502 68615.3 0.00288339 
5.341 68565.2 0.00288508 
5.337 68515.3 0.00288677 
5.33302 68465.7 0.00288845 
5.32907 68416.3 0.00289013 
5.32513 68367 0.0028918 
5.32122 68318 0.00289346 
5.31733 68269.3 0.00289512 
5.31346 68220.7 0.00289677 
5.3096 68172.3 0.00289842 
5.30577 68124.2 0.00290006 
5.30196 68076.2 0.00290169 
5.29817 68028.5 0.00290332 
5.2944 67981 0.00290494 
5.29065 67933.6 0.00290655 
5.28692 67886.5 0.00290816 
5.28321 67839.6 0.00290977 
5.27952 67792.8 0.00291136 
5.27584 67746.3 0.00291295 
5.27219 67700 0.00291454 
5.26856 67653.8 0.00291612 
5.26494 67607.9 0.00291769 
5.26134 67562.2 0.00291925 
5.25777 67516.6 0.00292082 
5.25421 67471.2 0.00292237 
5.25067 67426 0.00292392 
5.24715 67381 0.00292546 
5.24364 67336.2 0.002927 
5.24016 67291.6 0.00292853 
5.23669 67247.1 0.00293005 
5.23324 67202.9 0.00293157 
5.22981 67158.8 0.00293308 
5.2264 67114.9 0.00293459 
5.223 67071.2 0.00293609 
5.21963 67027.6 0.00293759 
5.21626 66984.2 0.00293908 
5.21292 66941 0.00294056 
5.2096 66898 0.00294204 
5.20629 66855.1 0.00294351 
5.203 66812.4 0.00294497 
5.19972 66769.9 0.00294643 
5.19646 66727.6 0.00294788 
5.19322 66685.4 0.00294933 
5.19 66643.4 0.00295077 
5.18679 66601.5 0.00295221 
5.1836 66559.8 0.00295364 
5.18042 66518.3 0.00295506 
5.17727 66476.9 0.00295648 
5.17412 66435.7 0.00295789 
5.171 66394.6 0.0029593 
5.16789 66353.7 0.0029607 
5.16479 66313 0.00296209 
5.16171 66272.4 0.00296348 
5.15865 66232 0.00296487 
5.1556 66191.7 0.00296624 
5.15257 66151.6 0.00296761 
5.14955 66111.6 0.00296898 
5.14655 66071.8 0.00297034 
5.14357 66032.1 0.00297169 
5.14059 65992.6 0.00297304 
5.13764 65953.2 0.00297438 
5.1347 65914 0.00297572 
5.13177 65874.9 0.00297705 
5.12886 65836 0.00297837 
5.12596 65797.2 0.00297969 
5.12308 65758.5 0.002981 
5.12021 65720 0.00298231 
5.11736 65681.7 0.00298361 
5.11452 65643.4 0.0029849 
5.1117 65605.4 0.00298619 
5.10889 65567.4 0.00298748 
5.10609 65529.6 0.00298875 
5.10331 65491.9 0.00299003 
5.10054 65454.4 0.00299129 
5.09779 65417 0.00299255 
5.09505 65379.7 0.00299381 
5.09232 65342.6 0.00299505 
5.08961 65305.6 0.0029963 
5.08691 65268.7 0.00299753 
5.08422 65231.9 0.00299876 
5.08155 65195.3 0.00299999 
5.07889 65158.8 0.00300121 
5.07624 65122.5 0.00300242 
5.07361 65086.3 0.00300363 
5.07099 65050.2 0.00300483 
5.06838 65014.2 0.00300603 
5.06579 64978.3 0.00300722 
5.06321 64942.6 0.0030084 
5.06064 64907 0.00300958 
5.05809 64871.5 0.00301075 
5.05554 64836.2 0.00301192 
5.05301 64800.9 0.00301308 
5.05049 64765.8 0.00301423 
5.04799 64730.8 0.00301538 
5.04549 64695.9 0.00301653 
5.04301 64661.2 0.00301767 
5.04054 64626.5 0.0030188 
5.03809 64592 0.00301992 
5.03564 64557.6 0.00302104 
5.03321 64523.3 0.00302216 
5.03079 64489.2 0.00302327 
5.02838 64455.1 0.00302437 
5.02598 64421.1 0.00302547 
5.0236 64387.3 0.00302656 
5.02122 64353.6 0.00302764 
5.01886 64320 0.00302872 
5.01651 64286.5 0.0030298 
5.01417 64253.1 0.00303086 
5.01184 64219.8 0.00303193 
5.00953 64186.6 0.00303298 
5.00722 64153.6 0.00303403 
5.00493 64120.6 0.00303508 
5.00264 64087.8 0.00303612 
5.00037 64055 0.00303715 
4.99811 64022.4 0.00303818 
4.99586 63989.9 0.0030392 
4.99362 63957.5 0.00304022 
4.99139 63925.1 0.00304123 
4.98917 63892.9 0.00304223 
4.98696 63860.8 0.00304323 
4.98477 63828.8 0.00304422 
4.98258 63796.9 0.00304521 
4.9804 63765.1 0.00304619 
4.97824 63733.4 0.00304717 
4.97608 63701.8 0.00304814 
4.97394 63670.3 0.0030491 
4.9718 63638.9 0.00305006 
4.96968 63607.6 0.00305101 
4.96756 63576.4 0.00305196 
4.96546 63545.2 0.0030529 
4.96336 63514.2 0.00305384 
4.96128 63483.3 0.00305477 
4.9592 63452.5 0.00305569 
4.95714 63421.8 0.00305661 
4.95508 63391.1 0.00305752 
4.95304 63360.6 0.00305843 
4.951 63330.1 0.00305933 
4.94897 63299.8 0.00306022 
4.94696 63269.5 0.00306111 
4.94495 63239.4 0.003062 
4.94295 63209.3 0.00306287 
4.94096 63179.3 0.00306375 
4.93898 63149.4 0.00306461 
4.93701 63119.6 0.00306547 
4.93505 63089.9 0.00306633 
4.9331 63060.3 0.00306718 
4.93115 63030.7 0.00306802 
4.92922 63001.3 0.00306886 
4.92729 62971.9 0.00306969 
4.92538 62942.6 0.00307052 
4.92347 62913.5 0.00307134 
4.92157 62884.4 0.00307216 
4.91968 62855.4 0.00307297 
4.9178 62826.4 0.00307377 
4.91592 62797.6 0.00307457 
4.91406 62768.8 0.00307536 
4.9122 62740.2 0.00307615 
4.91036 62711.6 0.00307693 
4.90852 62683.1 0.00307771 
4.90668 62654.6 0.00307848 
4.90486 62626.3 0.00307924 
4.90305 62598 0.00308 
4.90124 62569.9 0.00308075 
4.89944 62541.8 0.0030815 
4.89765 62513.7 0.00308224 
4.89587 62485.8 0.00308298 
4.8941 62458 0.00308371 
4.89233 62430.2 0.00308443 
4.89057 62402.5 0.00308515 
4.88882 62374.9 0.00308587 
4.88708 62347.3 0.00308657 
4.88535 62319.9 0.00308728 
4.88362 62292.5 0.00308797 
4.8819 62265.2 0.00308867 
4.88019 62237.9 0.00308935 
4.87848 62210.8 0.00309003 
4.87679 62183.7 0.00309071 
4.8751 62156.7 0.00309138 
4.87341 62129.8 0.00309204 
4.87174 62102.9 0.0030927 
4.87007 62076.2 0.00309335 
4.86841 62049.5 0.003094 
4.86676 62022.8 0.00309464 
4.86511 61996.3 0.00309527 
4.86347 61969.8 0.00309591 
4.86184 61943.4 0.00309653 
4.86022 61917 0.00309715 
4.8586 61890.8 0.00309776 
4.85699 61864.6 0.00309837 
4.85539 61838.5 0.00309897 
4.85379 61812.4 0.00309957 
4.8522 61786.4 0.00310016 
4.85062 61760.5 0.00310075 
4.84904 61734.7 0.00310133 
4.84747 61708.9 0.00310191 
4.84591 61683.2 0.00310248 
4.84435 61657.6 0.00310304 
4.8428 61632 0.0031036 
4.84126 61606.5 0.00310416 
4.83972 61581.1 0.0031047 
4.83819 61555.7 0.00310525 
4.83667 61530.4 0.00310578 
4.83515 61505.2 0.00310632 
4.83364 61480 0.00310684 
4.83213 61454.9 0.00310736 
4.83063 61429.9 0.00310788 
4.82914 61404.9 0.00310839 
4.82765 61380 0.0031089 
4.82617 61355.2 0.0031094 
4.8247 61330.4 0.00310989 
4.82323 61305.7 0.00311038 
4.82177 61281.1 0.00311086 
4.82031 61256.5 0.00311134 
4.81886 61232 0.00311182 
4.81741 61207.5 0.00311228 
4.81597 61183.2 0.00311275 
4.81454 61158.8 0.0031132 
4.81311 61134.6 0.00311366 
4.81169 61110.4 0.0031141 
4.81028 61086.2 0.00311454 
4.80887 61062.2 0.00311498 
4.80746 61038.1 0.00311541 
4.80606 61014.2 0.00311584 
4.80467 60990.3 0.00311626 
4.80328 60966.4 0.00311667 
4.8019 60942.7 0.00311708 
4.80052 60919 0.00311749 
4.79915 60895.3 0.00311789 
4.79778 60871.7 0.00311828 
4.79642 60848.2 0.00311867 
4.79506 60824.7 0.00311905 
4.79371 60801.3 0.00311943 
4.79237 60777.9 0.00311981 
4.79103 60754.6 0.00312017 
4.78969 60731.4 0.00312054 
4.78836 60708.2 0.0031209 
4.78704 60685 0.00312125 
4.78572 60662 0.0031216 
4.7844 60638.9 0.00312194 
4.78309 60616 0.00312228 
4.78179 60593.1 0.00312261 
4.78048 60570.2 0.00312294 
4.77919 60547.4 0.00312326 
4.7779 60524.7 0.00312358 
4.77661 60502 0.00312389 
4.77533 60479.4 0.0031242 
4.77406 60456.8 0.0031245 
4.77278 60434.3 0.0031248 
4.77152 60411.8 0.00312509 
4.77025 60389.4 0.00312538 
4.769 60367 0.00312566 
4.76774 60344.7 0.00312593 
4.76649 60322.4 0.00312621 
4.76525 60300.2 0.00312647 
4.76401 60278.1 0.00312674 
4.76278 60256 0.00312699 
4.76154 60234 0.00312725 
4.76032 60212 0.00312749 
4.7591 60190 0.00312774 
4.75788 60168.1 0.00312797 
4.75667 60146.3 0.00312821 
4.75546 60124.5 0.00312843 
4.75425 60102.8 0.00312866 
4.75305 60081.1 0.00312888 
4.75185 60059.4 0.00312909 
4.75066 60037.9 0.0031293 
4.74947 60016.3 0.0031295 
4.74829 59994.8 0.0031297 
4.74711 59973.4 0.00312989 
4.74593 59952 0.00313008 
4.74476 59930.7 0.00313027 
4.74359 59909.4 0.00313045 
4.74243 59888.2 0.00313062 
4.74127 59867 0.00313079 
4.74011 59845.8 0.00313096 
4.73896 59824.7 0.00313112 
4.73781 59803.7 0.00313127 
4.73667 59782.7 0.00313142 
4.73552 59761.7 0.00313157 
4.73439 59740.8 0.00313171 
4.73325 59720 0.00313185 
4.73212 59699.1 0.00313198 
4.731 59678.4 0.00313211 
4.72988 59657.7 0.00313223 
4.72876 59637 0.00313235 
4.72764 59616.4 0.00313246 
4.72653 59595.8 0.00313257 
4.72542 59575.2 0.00313268 
4.72432 59554.8 0.00313278 
4.72322 59534.3 0.00313287 
4.72212 59513.9 0.00313296 
4.72102 59493.6 0.00313305 
4.71993 59473.3 0.00313313 
4.71885 59453 0.00313321 
4.71776 59432.8 0.00313328 
4.71668 59412.6 0.00313335 
4.7156 59392.5 0.00313341 
4.71453 59372.4 0.00313347 
4.71346 59352.3 0.00313353 
4.71239 59332.3 0.00313358 
4.71133 59312.4 0.00313362 
4.71027 59292.4 0.00313366 
4.70921 59272.6 0.0031337 
4.70815 59252.7 0.00313373 
4.7071 59233 0.00313376 
4.70605 59213.2 0.00313378 
4.70501 59193.5 0.0031338 
4.70396 59173.9 0.00313382 
4.70293 59154.2 0.00313383 
4.70189 59134.7 0.00313383 
4.70086 59115.1 0.00313383 
4.69983 59095.6 0.00313383 
4.6988 59076.2 0.00313382 
4.69777 59056.8 0.00313381 
4.69675 59037.4 0.0031338 
4.69573 59018.1 0.00313378 
4.69472 58998.8 0.00313375 
4.69371 58979.5 0.00313372 
4.6927 58960.3 0.00313369 
4.69169 58941.1 0.00313366 
4.69068 58922 0.00313361 
4.68968 58902.9 0.00313357 
4.68868 58883.9 0.00313352 
4.68769 58864.9 0.00313347 
4.68669 58845.9 0.00313341 
4.6857 58827 0.00313335 
4.68472 58808.1 0.00313328 
4.68373 58789.2 0.00313321 
4.68275 58770.4 0.00313313 
4.68177 58751.6 0.00313306 
4.68079 58732.9 0.00313297 
4.67981 58714.2 0.00313289 
4.67884 58695.5 0.00313279 
4.67787 58676.9 0.0031327 
4.6769 58658.3 0.0031326 
4.67594 58639.8 0.0031325 
4.67498 58621.2 0.00313239 
4.67402 58602.8 0.00313228 
4.67306 58584.3 0.00313216 
4.6721 58565.9 0.00313204 
4.67115 58547.6 0.00313192 
4.6702 58529.2 0.00313179 
4.66925 58510.9 0.00313166 
4.66831 58492.7 0.00313153 
4.66736 58474.5 0.00313139 
4.66642 58456.3 0.00313125 
4.66548 58438.1 0.0031311 
4.66455 58420 0.00313095 
4.66361 58402 0.00313079 
4.66268 58383.9 0.00313064 
4.66175 58365.9 0.00313047 
4.66082 58348 0.00313031 
4.6599 58330 0.00313014 
4.65897 58312.1 0.00312996 
4.65805 58294.3 0.00312979 
4.65713 58276.4 0.00312961 
4.65622 58258.6 0.00312942 
4.6553 58240.9 0.00312923 
4.65439 58223.2 0.00312904 
4.65348 58205.5 0.00312884 
4.65257 58187.8 0.00312864 
4.65166 58170.2 0.00312844 
4.65076 58152.6 0.00312823 
4.64986 58135 0.00312802 
4.64896 58117.5 0.00312781 
4.64806 58100 0.00312759 
4.64716 58082.6 0.00312736 
4.64627 58065.2 0.00312714 
4.64538 58047.8 0.00312691 
4.64448 58030.4 0.00312668 
4.6436 58013.1 0.00312644 
4.64271 57995.8 0.0031262 
4.64182 57978.6 0.00312596 
4.64094 57961.3 0.00312571 
4.64006 57944.1 0.00312546 
4.63918 57927 0.0031252 
4.6383 57909.9 0.00312494 
4.63743 57892.8 0.00312468 
4.63655 57875.7 0.00312442 
4.63568 57858.7 0.00312415 
4.63481 57841.7 0.00312388 
4.63394 57824.7 0.0031236 
4.63307 57807.8 0.00312332 
4.63221 57790.9 0.00312304 
4.63134 57774 0.00312276 
4.63048 57757.1 0.00312247 
4.62962 57740.3 0.00312217 
4.62876 57723.5 0.00312188 
4.62791 57706.8 0.00312158 
4.62705 57690.1 0.00312128 
4.6262 57673.4 0.00312097 
4.62534 57656.7 0.00312066 
4.62449 57640.1 0.00312035 
4.62364 57623.5 0.00312003 
4.6228 57606.9 0.00311971 
4.62195 57590.4 0.00311939 
4.62111 57573.9 0.00311906 
4.62026 57557.4 0.00311874 
4.61942 57541 0.0031184 
4.61858 57524.5 0.00311807 
4.61775 57508.1 0.00311773 
4.61691 57491.8 0.00311739 
4.61607 57475.4 0.00311704 
4.61524 57459.1 0.00311669 
4.61441 57442.9 0.00311634 
4.61358 57426.6 0.00311599 
4.61275 57410.4 0.00311563 
4.61192 57394.2 0.00311527 
4.61109 57378.1 0.0031149 
4.61027 57361.9 0.00311454 
4.60944 57345.8 0.00311417 
4.60862 57329.8 0.00311379 
4.6078 57313.7 0.00311342 
4.60698 57297.7 0.00311304 
4.60616 57281.7 0.00311266 
4.60534 57265.7 0.00311227 
4.60453 57249.8 0.00311188 
4.60371 57233.9 0.00311149 
4.6029 57218 0.0031111 
4.60209 57202.2 0.0031107 
4.60128 57186.4 0.0031103 
4.60047 57170.6 0.00310989 
4.59966 57154.8 0.00310949 
4.59885 57139 0.00310908 
4.59805 57123.3 0.00310867 
4.59724 57107.6 0.00310825 
4.59644 57092 0.00310783 
4.59564 57076.4 0.00310741 
4.59483 57060.7 0.00310699 
4.59403 57045.2 0.00310656 
4.59324 57029.6 0.00310613 
4.59244 57014.1 0.0031057 
4.59164 56998.6 0.00310527 
4.59085 56983.1 0.00310483 
4.59005 56967.7 0.00310439 
4.58926 56952.2 0.00310394 
4.58847 56936.8 0.0031035 
4.58768 56921.5 0.00310305 
4.58689 56906.1 0.0031026 
4.5861 56890.8 0.00310214 
4.58531 56875.5 0.00310169 
4.58453 56860.2 0.00310123 
4.58374 56845 0.00310076 
4.58296 56829.8 0.0031003 
4.58217 56814.6 0.00309983 
4.58139 56799.4 0.00309936 
4.58061 56784.3 0.00309889 
4.57983 56769.1 0.00309841 
4.57905 56754 0.00309793 
4.57827 56739 0.00309745 
4.57749 56723.9 0.00309697 
4.57672 56708.9 0.00309648 
4.57594 56693.9 0.00309599 
4.57517 56679 0.0030955 
4.5744 56664 0.00309501 
4.57362 56649.1 0.00309451 
4.57285 56634.2 0.00309401 
4.57208 56619.3 0.00309351 
4.57131 56604.5 0.00309301 
4.57054 56589.6 0.0030925 
4.56977 56574.8 0.00309199 
4.56901 56560.1 0.00309148 
4.56824 56545.3 0.00309097 
4.56748 56530.6 0.00309045 
4.56671 56515.9 0.00308993 
4.56595 56501.2 0.00308941 
4.56519 56486.5 0.00308889 
4.56442 56471.9 0.00308836 
4.56366 56457.3 0.00308784 
4.5629 56442.7 0.00308731 
4.56214 56428.1 0.00308677 
4.56139 56413.6 0.00308624 
4.56063 56399.1 0.0030857 
4.55987 56384.6 0.00308516 
4.55912 56370.1 0.00308462 
4.55836 56355.6 0.00308407 
4.55761 56341.2 0.00308353 
4.55685 56326.8 0.00308298 
4.5561 56312.4 0.00308243 
4.55535 56298 0.00308187 
4.5546 56283.7 0.00308132 
4.55385 56269.4 0.00308076 
4.5531 56255.1 0.0030802 
4.55235 56240.8 0.00307964 
4.5516 56226.6 0.00307907 
4.55085 56212.3 0.00307851 
4.55011 56198.1 0.00307794 
4.54936 56183.9 0.00307737 
4.54861 56169.8 0.00307679 
4.54787 56155.6 0.00307622 
4.54713 56141.5 0.00307564 
4.54638 56127.4 0.00307506 
4.54564 56113.3 0.00307448 
4.5449 56099.3 0.0030739 
4.54416 56085.2 0.00307331 
4.54342 56071.2 0.00307272 
4.54268 56057.2 0.00307214 
4.54194 56043.3 0.00307154 
4.5412 56029.3 0.00307095 
4.54046 56015.4 0.00307035 
4.53972 56001.5 0.00306976 
4.53899 55987.6 0.00306916 
4.53825 55973.7 0.00306855 
4.53751 55959.9 0.00306795 
4.53678 55946.1 0.00306735 
4.53604 55932.3 0.00306674 
4.53531 55918.5 0.00306613 
4.53458 55904.7 0.00306552 
4.53385 55891 0.0030649 
4.53311 55877.2 0.00306429 
4.53238 55863.5 0.00306367 
4.53165 55849.9 0.00306305 
4.53092 55836.2 0.00306243 
4.53019 55822.6 0.00306181 
4.52946 55808.9 0.00306119 
4.52874 55795.3 0.00306056 
4.52801 55781.7 0.00305993 
4.52728 55768.2 0.0030593 
4.52655 55754.6 0.00305867 
4.52583 55741.1 0.00305804 
4.5251 55727.6 0.0030574 
4.52438 55714.1 0.00305676 
4.52365 55700.7 0.00305612 
4.52293 55687.2 0.00305548 
4.5222 55673.8 0.00305484 
4.52148 55660.4 0.0030542 
4.52076 55647 0.00305355 
4.52004 55633.6 0.0030529 
4.51931 55620.3 0.00305226 
4.51859 55607 0.0030516 
4.51787 55593.7 0.00305095 
4.51715 55580.4 0.0030503 
4.51643 55567.1 0.00304964 
4.51571 55553.8 0.00304899 
4.515 55540.6 0.00304833 
4.51428 55527.4 0.00304767 
4.51356 55514.2 0.003047 
4.51284 55501 0.00304634 
4.51213 55487.9 0.00304567 
4.51141 55474.7 0.00304501 
4.51069 55461.6 0.00304434 
4.50998 55448.5 0.00304367 
4.50926 55435.4 0.003043 
4.50855 55422.3 0.00304232 
4.50783 55409.3 0.00304165 
4.50712 55396.3 0.00304097 
4.50641 55383.2 0.0030403 
4.50569 55370.3 0.00303962 
4.50498 55357.3 0.00303894 
4.50427 55344.3 0.00303825 
4.50356 55331.4 0.00303757 
4.50285 55318.5 0.00303689 
4.50214 55305.5 0.0030362 
4.50143 55292.7 0.00303551 
4.50072 55279.8 0.00303482 
4.50001 55266.9 0.00303413 
4.4993 55254.1 0.00303344 
4.49859 55241.3 0.00303275 
4.49788 55228.5 0.00303205 
4.49717 55215.7 0.00303136 
4.49646 55202.9 0.00303066 
4.49576 55190.2 0.00302996 
4.49505 55177.5 0.00302926 
4.49434 55164.8 0.00302856 
4.49364 55152.1 0.00302785 
4.49293 55139.4 0.00302715 
4.49222 55126.7 0.00302644 
4.49152 55114.1 0.00302574 
4.49081 55101.5 0.00302503 
4.49011 55088.8 0.00302432 
4.48941 55076.3 0.00302361 
4.4887 55063.7 0.0030229 
4.488 55051.1 0.00302219 
4.4873 55038.6 0.00302147 
4.48659 55026 0.00302076 
4.48589 55013.5 0.00302004 
4.48519 55001 0.00301932 
4.48449 54988.6 0.0030186 
4.48378 54976.1 0.00301788 
4.48308 54963.7 0.00301716 
4.48238 54951.2 0.00301644 
4.48168 54938.8 0.00301571 
4.48098 54926.4 0.00301499 
4.48028 54914.1 0.00301426 
4.47958 54901.7 0.00301354 
4.47888 54889.3 0.00301281 
4.47818 54877 0.00301208 
4.47748 54864.7 0.00301135 
4.47679 54852.4 0.00301062 
4.47609 54840.1 0.00300988 
4.47539 54827.9 0.00300915 
4.47469 54815.6 0.00300842 
4.474 54803.4 0.00300768 
4.4733 54791.2 0.00300694 
4.4726 54779 0.00300621 
4.47191 54766.8 0.00300547 
4.47121 54754.6 0.00300473 
4.47051 54742.4 0.00300399 
4.46982 54730.3 0.00300324 
4.46912 54718.2 0.0030025 
4.46843 54706.1 0.00300176 
4.46773 54694 0.00300101 
4.46704 54681.9 0.00300027 
4.46634 54669.8 0.00299952 
4.46565 54657.8 0.00299877 
4.46496 54645.8 0.00299802 
4.46426 54633.7 0.00299727 
4.46357 54621.7 0.00299652 
4.46288 54609.8 0.00299577 
4.46218 54597.8 0.00299502 
4.46149 54585.8 0.00299427 
4.4608 54573.9 0.00299351 
4.46011 54562 0.00299276 
4.45941 54550 0.002992 
4.45872 54538.1 0.00299125 
4.45803 54526.3 0.00299049 
4.45734 54514.4 0.00298973 
4.45665 54502.5 0.00298897 
4.45596 54490.7 0.00298821 
4.45527 54478.9 0.00298745 
4.45458 54467.1 0.00298669 
4.45389 54455.3 0.00298593 
4.4532 54443.5 0.00298516 
4.45251 54431.7 0.0029844 
4.45182 54420 0.00298363 
4.45113 54408.3 0.00298287 
4.45044 54396.5 0.0029821 
4.44975 54384.8 0.00298133 
4.44907 54373.1 0.00298057 
4.44838 54361.5 0.0029798 
4.44769 54349.8 0.00297903 
4.447 54338.1 0.00297826 
4.44631 54326.5 0.00297749 
4.44563 54314.9 0.00297672 
4.44494 54303.3 0.00297594 
4.44425 54291.7 0.00297517 
4.44357 54280.1 0.0029744 
4.44288 54268.5 0.00297362 
4.44219 54257 0.00297285 
4.44151 54245.4 0.00297207 
4.44082 54233.9 0.0029713 
4.44014 54222.4 0.00297052 
4.43945 54210.9 0.00296974 
4.43876 54199.4 0.00296897 
4.43808 54188 0.00296819 
4.43739 54176.5 0.00296741 
4.43671 54165.1 0.00296663 
4.43602 54153.6 0.00296585 
4.43534 54142.2 0.00296507 
4.43466 54130.8 0.00296429 
4.43397 54119.4 0.0029635 
4.43329 54108.1 0.00296272 
4.4326 54096.7 0.00296194 
4.43192 54085.4 0.00296115 
4.43124 54074 0.00296037 
4.43055 54062.7 0.00295959 
4.42987 54051.4 0.0029588 
4.42919 54040.1 0.00295801 
4.42851 54028.8 0.00295723 
4.42782 54017.5 0.00295644 
4.42714 54006.3 0.00295565 
4.42646 53995 0.00295487 
4.42578 53983.8 0.00295408 
4.4251 53972.6 0.00295329 
4.42441 53961.4 0.0029525 
4.42373 53950.2 0.00295171 
4.42305 53939 0.00295092 
4.42237 53927.9 0.00295013 
4.42169 53916.7 0.00294934 
4.42101 53905.6 0.00294855 
4.42033 53894.5 0.00294775 
4.41965 53883.3 0.00294696 
4.41897 53872.2 0.00294617 
4.41829 53861.2 0.00294538 
4.41761 53850.1 0.00294458 
4.41693 53839 0.00294379 
4.41625 53828 0.00294299 
4.41557 53816.9 0.0029422 
4.41489 53805.9 0.0029414 
4.41421 53794.9 0.00294061 
4.41353 53783.9 0.00293981 
4.41285 53772.9 0.00293902 
4.41218 53761.9 0.00293822 
4.4115 53751 0.00293742 
4.41082 53740 0.00293663 
4.41014 53729.1 0.00293583 
4.40946 53718.1 0.00293503 
4.40878 53707.2 0.00293423 
4.40811 53696.3 0.00293343 
4.40743 53685.4 0.00293263 
4.40675 53674.6 0.00293184 
4.40607 53663.7 0.00293104 
4.4054 53652.8 0.00293024 
4.40472 53642 0.00292944 
4.40404 53631.2 0.00292864 
4.40337 53620.4 0.00292784 
4.40269 53609.6 0.00292704 
4.40201 53598.8 0.00292623 
4.40134 53588 0.00292543 
4.40066 53577.2 0.00292463 
4.39999 53566.5 0.00292383 
4.39931 53555.7 0.00292303 
4.39863 53545 0.00292223 
4.39796 53534.2 0.00292142 
4.39728 53523.5 0.00292062 
4.39661 53512.8 0.00291982 
4.39593 53502.2 0.00291902 
4.39526 53491.5 0.00291821 
4.39458 53480.8 0.00291741 
4.39391 53470.2 0.00291661 
4.39323 53459.5 0.0029158 
4.39256 53448.9 0.002915 
4.39189 53438.3 0.0029142 
4.39121 53427.7 0.00291339 
4.39054 53417.1 0.00291259 
4.38986 53406.5 0.00291178 
4.38919 53395.9 0.00291098 
4.38852 53385.3 0.00291017 
4.38784 53374.8 0.00290937 
4.38717 53364.3 0.00290856 
4.3865 53353.7 0.00290776 
4.38582 53343.2 0.00290695 
4.38515 53332.7 0.00290615 
4.38448 53322.2 0.00290534 
4.38381 53311.7 0.00290454 
4.38313 53301.3 0.00290373 
4.38246 53290.8 0.00290293 
4.38179 53280.3 0.00290212 
4.38112 53269.9 0.00290132 
4.38045 53259.5 0.00290051 
4.37977 53249.1 0.00289971 
4.3791 53238.7 0.0028989 
4.37843 53228.3 0.00289809 
4.37776 53217.9 0.00289729 
4.37709 53207.5 0.00289648 
4.37642 53197.1 0.00289568 
4.37575 53186.8 0.00289487 
4.37508 53176.4 0.00289406 
4.37441 53166.1 0.00289326 
4.37373 53155.8 0.00289245 
4.37306 53145.5 0.00289165 
4.37239 53135.2 0.00289084 
4.37172 53124.9 0.00289003 
4.37105 53114.6 0.00288923 
4.37038 53104.4 0.00288842 
4.36971 53094.1 0.00288762 
4.36904 53083.9 0.00288681 
4.36838 53073.6 0.002886 
4.36771 53063.4 0.0028852 
4.36704 53053.2 0.00288439 
4.36637 53043 0.00288359 
4.3657 53032.8 0.00288278 
4.36503 53022.6 0.00288198 
4.36436 53012.4 0.00288117 
4.36369 53002.3 0.00288036 
4.36302 52992.1 0.00287956 
4.36236 52982 0.00287875 
4.36169 52971.8 0.00287795 
4.36102 52961.7 0.00287714 
4.36035 52951.6 0.00287634 
4.35968 52941.5 0.00287553 
4.35902 52931.4 0.00287473 
4.35835 52921.3 0.00287392 
4.35768 52911.3 0.00287312 
4.35702 52901.2 0.00287231 
4.35635 52891.2 0.00287151 
4.35568 52881.1 0.00287071 
4.35501 52871.1 0.0028699 
4.35435 52861.1 0.0028691 
4.35368 52851.1 0.00286829 
4.35301 52841.1 0.00286749 
4.35235 52831.1 0.00286669 
4.35168 52821.1 0.00286588 
4.35102 52811.1 0.00286508 
4.35035 52801.2 0.00286428 
4.34969 52791.2 0.00286347 
4.34902 52781.3 0.00286267 
4.34835 52771.3 0.00286187 
4.34769 52761.4 0.00286107 
4.34702 52751.5 0.00286026 
4.34636 52741.6 0.00285946 
4.34569 52731.7 0.00285866 
4.34503 52721.8 0.00285786 
4.34436 52712 0.00285706 
4.3437 52702.1 0.00285626 
4.34304 52692.3 0.00285545 
4.34237 52682.4 0.00285465 
4.34171 52672.6 0.00285385 
4.34104 52662.7 0.00285305 
4.34038 52652.9 0.00285225 
4.33972 52643.1 0.00285145 
4.33905 52633.3 0.00285065 
4.33839 52623.5 0.00284985 
4.33773 52613.8 0.00284905 
4.33706 52604 0.00284825 
4.3364 52594.2 0.00284746 
4.33574 52584.5 0.00284666 
4.33507 52574.8 0.00284586 
4.33441 52565 0.00284506 
4.33375 52555.3 0.00284426 
4.33309 52545.6 0.00284347 
4.33243 52535.9 0.00284267 
4.33176 52526.2 0.00284187 
4.3311 52516.5 0.00284107 
4.33044 52506.8 0.00284028 
4.32978 52497.2 0.00283948 
4.32912 52487.5 0.00283869 
4.32846 52477.9 0.00283789 
4.32779 52468.2 0.0028371 
4.32713 52458.6 0.0028363 
4.32647 52449 0.00283551 
4.32581 52439.4 0.00283471 
4.32515 52429.8 0.00283392 
4.32449 52420.2 0.00283312 
4.32383 52410.6 0.00283233 
4.32317 52401 0.00283154 
4.32251 52391.4 0.00283074 
4.32185 52381.9 0.00282995 
4.32119 52372.3 0.00282916 
4.32053 52362.8 0.00282837 
4.31987 52353.3 0.00282758 
4.31921 52343.8 0.00282679 
4.31855 52334.2 0.00282599 
4.3179 52324.7 0.0028252 
4.31724 52315.2 0.00282441 
4.31658 52305.8 0.00282362 
4.31592 52296.3 0.00282284 
4.31526 52286.8 0.00282205 
4.3146 52277.4 0.00282126 
4.31394 52267.9 0.00282047 
4.31329 52258.5 0.00281968 
4.31263 52249 0.00281889 
4.31197 52239.6 0.00281811 
4.31131 52230.2 0.00281732 
4.31066 52220.8 0.00281653 
4.31 52211.4 0.00281575 
4.30934 52202 0.00281496 
4.30869 52192.6 0.00281418 
4.30803 52183.2 0.00281339 
4.30737 52173.9 0.00281261 
4.30672 52164.5 0.00281182 
4.30606 52155.2 0.00281104 
4.3054 52145.8 0.00281026 
4.30475 52136.5 0.00280947 
4.30409 52127.2 0.00280869 
4.30344 52117.8 0.00280791 
4.30278 52108.5 0.00280713 
4.30213 52099.2 0.00280635 
4.30147 52090 0.00280557 
4.30082 52080.7 0.00280479 
4.30016 52071.4 0.00280401 
4.29951 52062.1 0.00280323 
4.29885 52052.9 0.00280245 
4.2982 52043.6 0.00280167 
4.29754 52034.4 0.00280089 
4.29689 52025.2 0.00280011 
4.29624 52015.9 0.00279934 
4.29558 52006.7 0.00279856 
4.29493 51997.5 0.00279778 
4.29428 51988.3 0.00279701 
4.29362 51979.1 0.00279623 
4.29297 51969.9 0.00279546 
4.29232 51960.8 0.00279468 
4.29166 51951.6 0.00279391 
4.29101 51942.5 0.00279314 
4.29036 51933.3 0.00279236 
4.28971 51924.2 0.00279159 
4.28905 51915 0.00279082 
4.2884 51905.9 0.00279005 
4.28775 51896.8 0.00278928 
4.2871 51887.7 0.00278851 
4.28645 51878.6 0.00278774 
4.2858 51869.5 0.00278697 
4.28515 51860.4 0.0027862 
4.28449 51851.3 0.00278543 
4.28384 51842.2 0.00278466 
4.28319 51833.2 0.00278389 
4.28254 51824.1 0.00278313 
4.28189 51815.1 0.00278236 
4.28124 51806 0.00278159 
4.28059 51797 0.00278083 
4.27994 51788 0.00278006 
4.27929 51779 0.0027793 
4.27864 51770 0.00277853 
4.278 51761 0.00277777 
4.27735 51752 0.00277701 
4.2767 51743 0.00277625 
4.27605 51734 0.00277548 
4.2754 51725 0.00277472 
4.27475 51716.1 0.00277396 
4.2741 51707.1 0.0027732 
4.27346 51698.2 0.00277244 
4.27281 51689.2 0.00277168 
4.27216 51680.3 0.00277092 
4.27151 51671.4 0.00277016 
4.27087 51662.5 0.00276941 
4.27022 51653.6 0.00276865 
4.26957 51644.7 0.00276789 
4.26893 51635.8 0.00276714 
4.26828 51626.9 0.00276638 
4.26763 51618 0.00276563 
4.26699 51609.1 0.00276487 
4.26634 51600.3 0.00276412 
4.2657 51591.4 0.00276336 
4.26505 51582.6 0.00276261 
4.2644 51573.7 0.00276186 
4.26376 51564.9 0.00276111 
4.26311 51556.1 0.00276036 
4.26247 51547.2 0.00275961 
4.26183 51538.4 0.00275886 
4.26118 51529.6 0.00275811 
4.26054 51520.8 0.00275736 
4.25989 51512 0.00275661 
4.25925 51503.3 0.00275586 
4.25861 51494.5 0.00275512 
4.25796 51485.7 0.00275437 
4.25732 51477 0.00275362 
4.25668 51468.2 0.00275288 
4.25603 51459.5 0.00275213 
4.25539 51450.7 0.00275139 
4.25475 51442 0.00275065 
4.2541 51433.3 0.0027499 
4.25346 51424.6 0.00274916 
4.25282 51415.8 0.00274842 
4.25218 51407.1 0.00274768 
4.25154 51398.4 0.00274694 
4.2509 51389.8 0.0027462 
4.25026 51381.1 0.00274546 
4.24961 51372.4 0.00274472 
4.24897 51363.7 0.00274398 
4.24833 51355.1 0.00274324 
4.24769 51346.4 0.00274251 
4.24705 51337.8 0.00274177 
4.24641 51329.1 0.00274103 
4.24577 51320.5 0.0027403 
4.24513 51311.9 0.00273956 
4.24449 51303.3 0.00273883 
4.24385 51294.7 0.0027381 
4.24322 51286.1 0.00273736 
4.24258 51277.5 0.00273663 
4.24194 51268.9 0.0027359 
4.2413 51260.3 0.00273517 
4.24066 51251.7 0.00273444 
4.24002 51243.1 0.00273371 
4.23939 51234.6 0.00273298 
4.23875 51226 0.00273225 
4.23811 51217.5 0.00273152 
4.23747 51208.9 0.0027308 
4.23684 51200.4 0.00273007 
4.2362 51191.9 0.00272935 
4.23556 51183.3 0.00272862 
4.23493 51174.8 0.0027279 
4.23429 51166.3 0.00272717 
4.23366 51157.8 0.00272645 
4.23302 51149.3 0.00272573 
4.23239 51140.8 0.002725 
4.23175 51132.4 0.00272428 
4.23111 51123.9 0.00272356 
4.23048 51115.4 0.00272284 
4.22985 51107 0.00272212 
4.22921 51098.5 0.0027214 
4.22858 51090.1 0.00272068 
4.22794 51081.6 0.00271997 
4.22731 51073.2 0.00271925 
4.22668 51064.8 0.00271853 
4.22604 51056.3 0.00271782 
4.22541 51047.9 0.0027171 
4.22478 51039.5 0.00271639 
4.22414 51031.1 0.00271568 
4.22351 51022.7 0.00271496 
4.22288 51014.3 0.00271425 
4.22225 51006 0.00271354 
4.22162 50997.6 0.00271283 
4.22098 50989.2 0.00271212 
4.22035 50980.9 0.00271141 
4.21972 50972.5 0.0027107 
4.21909 50964.1 0.00270999 
4.21846 50955.8 0.00270928 
4.21783 50947.5 0.00270858 
4.2172 50939.1 0.00270787 
4.21657 50930.8 0.00270716 
4.21594 50922.5 0.00270646 
4.21531 50914.2 0.00270575 
4.21468 50905.9 0.00270505 
4.21405 50897.6 0.00270435 
4.21342 50889.3 0.00270365 
4.2128 50881 0.00270294 
4.21217 50872.7 0.00270224 
4.21154 50864.5 0.00270154 
4.21091 50856.2 0.00270084 
4.21028 50847.9 0.00270014 
4.20966 50839.7 0.00269945 
4.20903 50831.4 0.00269875 
4.2084 50823.2 0.00269805 
4.20778 50815 0.00269735 
4.20715 50806.7 0.00269666 
4.20652 50798.5 0.00269596 
4.2059 50790.3 0.00269527 
4.20527 50782.1 0.00269458 
4.20465 50773.9 0.00269388 
4.20402 50765.7 0.00269319 
4.20339 50757.5 0.0026925 
4.20277 50749.3 0.00269181 
4.20215 50741.1 0.00269112 
4.20152 50733 0.00269043 
4.2009 50724.8 0.00268974 
4.20027 50716.6 0.00268905 
4.19965 50708.5 0.00268836 
4.19903 50700.3 0.00268768 
4.1984 50692.2 0.00268699 
4.19778 50684.1 0.00268631 
4.19716 50675.9 0.00268562 
4.19653 50667.8 0.00268494 
4.19591 50659.7 0.00268425 
4.19529 50651.6 0.00268357 
4.19467 50643.5 0.00268289 
4.19405 50635.4 0.00268221 
4.19343 50627.3 0.00268153 
4.19281 50619.2 0.00268085 
4.19218 50611.1 0.00268017 
4.19156 50603.1 0.00267949 
4.19094 50595 0.00267881 
4.19032 50586.9 0.00267814 
4.1897 50578.9 0.00267746 
4.18908 50570.8 0.00267678 
4.18847 50562.8 0.00267611 
4.18785 50554.7 0.00267544 
4.18723 50546.7 0.00267476 
4.18661 50538.7 0.00267409 
4.18599 50530.7 0.00267342 
4.18537 50522.6 0.00267274 
4.18476 50514.6 0.00267207 
4.18414 50506.6 0.0026714 
4.18352 50498.6 0.00267073 
4.1829 50490.6 0.00267007 
4.18229 50482.7 0.0026694 
4.18167 50474.7 0.00266873 
4.18105 50466.7 0.00266806 
4.18044 50458.7 0.0026674 
4.17982 50450.8 0.00266673 
4.17921 50442.8 0.00266607 
4.17859 50434.9 0.0026654 
4.17798 50426.9 0.00266474 
4.17736 50419 0.00266408 
4.17675 50411 0.00266342 
4.17613 50403.1 0.00266276 
4.17552 50395.2 0.0026621 
4.17491 50387.3 0.00266144 
4.17429 50379.4 0.00266078 
4.17368 50371.5 0.00266012 
4.17307 50363.6 0.00265946 
4.17246 50355.7 0.00265881 
4.17184 50347.8 0.00265815 
4.17123 50339.9 0.00265749 
4.17062 50332 0.00265684 
4.17001 50324.1 0.00265619 
4.1694 50316.3 0.00265553 
4.16879 50308.4 0.00265488 
4.16817 50300.6 0.00265423 
4.16756 50292.7 0.00265358 
4.16695 50284.9 0.00265293 
4.16634 50277 0.00265228 
4.16573 50269.2 0.00265163 
4.16513 50261.4 0.00265098 
4.16452 50253.6 0.00265033 
4.16391 50245.7 0.00264969 
4.1633 50237.9 0.00264904 
4.16269 50230.1 0.00264839 
4.16208 50222.3 0.00264775 
4.16147 50214.5 0.0026471 
4.16087 50206.8 0.00264646 
4.16026 50199 0.00264582 
4.15965 50191.2 0.00264518 
4.15905 50183.4 0.00264454 
4.15844 50175.7 0.0026439 
4.15783 50167.9 0.00264326 
4.15723 50160.1 0.00264262 
4.15662 50152.4 0.00264198 
4.15602 50144.7 0.00264134 
4.15541 50136.9 0.0026407 
4.15481 50129.2 0.00264007 
4.1542 50121.5 0.00263943 
4.1536 50113.7 0.0026388 
4.153 50106 0.00263816 
4.15239 50098.3 0.00263753 
4.15179 50090.6 0.0026369 
4.15119 50082.9 0.00263626 
4.15058 50075.2 0.00263563 
4.14998 50067.5 0.002635 
4.14938 50059.8 0.00263437 
4.14878 50052.2 0.00263374 
4.14817 50044.5 0.00263312 
4.14757 50036.8 0.00263249 
4.14697 50029.1 0.00263186 
4.14637 50021.5 0.00263123 
4.14577 50013.8 0.00263061 
4.14517 50006.2 0.00262998 
4.14457 49998.5 0.00262936 
4.14397 49990.9 0.00262874 
4.14337 49983.3 0.00262811 
4.14277 49975.7 0.00262749 
4.14217 49968 0.00262687 
4.14158 49960.4 0.00262625 
4.14098 49952.8 0.00262563 
4.14038 49945.2 0.00262501 
4.13978 49937.6 0.00262439 
4.13918 49930 0.00262377 
4.13859 49922.4 0.00262316 
4.13799 49914.8 0.00262254 
4.13739 49907.3 0.00262192 
4.1368 49899.7 0.00262131 
4.1362 49892.1 0.00262069 
4.13561 49884.5 0.00262008 
4.13501 49877 0.00261947 
4.13442 49869.4 0.00261886 
4.13382 49861.9 0.00261824 
4.13323 49854.3 0.00261763 
4.13263 49846.8 0.00261702 
4.13204 49839.3 0.00261641 
4.13145 49831.7 0.00261581 
4.13085 49824.2 0.0026152 
4.13026 49816.7 0.00261459 
4.12967 49809.2 0.00261398 
4.12907 49801.7 0.00261338 
4.12848 49794.2 0.00261277 
4.12789 49786.7 0.00261217 
4.1273 49779.2 0.00261156 
4.12671 49771.7 0.00261096 
4.12612 49764.2 0.00261036 
4.12553 49756.7 0.00260976 
4.12494 49749.3 0.00260916 
4.12435 49741.8 0.00260856 
4.12376 49734.3 0.00260796 
4.12317 49726.9 0.00260736 
4.12258 49719.4 0.00260676 
4.12199 49712 0.00260616 
4.1214 49704.5 0.00260557 
4.12081 49697.1 0.00260497 
4.12022 49689.7 0.00260437 
4.11964 49682.3 0.00260378 
4.11905 49674.8 0.00260319 
4.11846 49667.4 0.00260259 
4.11788 49660 0.002602 
4.11729 49652.6 0.00260141 
4.1167 49645.2 0.00260082 
4.11612 49637.8 0.00260023 
4.11553 49630.4 0.00259964 
4.11495 49623 0.00259905 
4.11436 49615.6 0.00259846 
4.11378 49608.2 0.00259787 
4.11319 49600.9 0.00259728 
4.11261 49593.5 0.0025967 
4.11203 49586.1 0.00259611 
4.11144 49578.8 0.00259553 
4.11086 49571.4 0.00259494 
4.11028 49564.1 0.00259436 
4.1097 49556.7 0.00259378 
4.10911 49549.4 0.00259319 
4.10853 49542.1 0.00259261 
4.10795 49534.7 0.00259203 
4.10737 49527.4 0.00259145 
4.10679 49520.1 0.00259087 
4.10621 49512.8 0.00259029 
4.10563 49505.5 0.00258972 
4.10505 49498.2 0.00258914 
4.10447 49490.9 0.00258856 
4.10389 49483.6 0.00258799 
4.10331 49476.3 0.00258741 
4.10273 49469 0.00258684 
4.10215 49461.7 0.00258626 
4.10157 49454.4 0.00258569 
4.101 49447.1 0.00258512 
4.10042 49439.9 0.00258454 
4.09984 49432.6 0.00258397 
4.09927 49425.4 0.0025834 
4.09869 49418.1 0.00258283 
4.09811 49410.9 0.00258226 
4.09754 49403.6 0.0025817 
4.09696 49396.4 0.00258113 
4.09639 49389.1 0.00258056 
4.09581 49381.9 0.00257999 
4.09524 49374.7 0.00257943 
4.09466 49367.5 0.00257886 
4.09409 49360.2 0.0025783 
4.09352 49353 0.00257774 
4.09294 49345.8 0.00257717 
4.09237 49338.6 0.00257661 
4.0918 49331.4 0.00257605 
4.09123 49324.2 0.00257549 
4.09065 49317 0.00257493 
4.09008 49309.9 0.00257437 
4.08951 49302.7 0.00257381 
4.08894 49295.5 0.00257325 
4.08837 49288.3 0.00257269 
4.0878 49281.2 0.00257214 
4.08723 49274 0.00257158 
4.08666 49266.8 0.00257102 
4.08609 49259.7 0.00257047 
4.08552 49252.5 0.00256992 
4.08495 49245.4 0.00256936 
4.08438 49238.3 0.00256881 
4.08382 49231.1 0.00256826 
4.08325 49224 0.00256771 
4.08268 49216.9 0.00256715 
4.08211 49209.7 0.0025666 
4.08155 49202.6 0.00256605 
4.08098 49195.5 0.00256551 
4.08041 49188.4 0.00256496 
4.07985 49181.3 0.00256441 
4.07928 49174.2 0.00256386 
4.07872 49167.1 0.00256332 
4.07815 49160 0.00256277 
4.07759 49152.9 0.00256223 
4.07702 49145.9 0.00256168 
4.07646 49138.8 0.00256114 
4.0759 49131.7 0.0025606 
4.07533 49124.7 0.00256005 
4.07477 49117.6 0.00255951 
4.07421 49110.5 0.00255897 
4.07365 49103.5 0.00255843 
4.07309 49096.4 0.00255789 
4.07252 49089.4 0.00255735 
4.07196 49082.3 0.00255681 
4.0714 49075.3 0.00255628 
4.07084 49068.3 0.00255574 
4.07028 49061.2 0.0025552 
4.06972 49054.2 0.00255467 
4.06916 49047.2 0.00255413 
4.0686 49040.2 0.0025536 
4.06804 49033.2 0.00255306 
4.06749 49026.2 0.00255253 
4.06693 49019.2 0.002552 
4.06637 49012.2 0.00255147 
4.06581 49005.2 0.00255094 
4.06526 48998.2 0.00255041 
4.0647 48991.2 0.00254988 
4.06414 48984.2 0.00254935 
4.06359 48977.3 0.00254882 
4.06303 48970.3 0.00254829 
4.06247 48963.3 0.00254776 
4.06192 48956.4 0.00254724 
4.06136 48949.4 0.00254671 
4.06081 48942.4 0.00254618 
4.06026 48935.5 0.00254566 
4.0597 48928.5 0.00254514 
4.05915 48921.6 0.00254461 
4.0586 48914.7 0.00254409 
4.05804 48907.7 0.00254357 
4.05749 48900.8 0.00254305 
4.05694 48893.9 0.00254253 
4.05639 48887 0.00254201 
4.05584 48880 0.00254149 
4.05529 48873.1 0.00254097 
4.05473 48866.2 0.00254045 
4.05418 48859.3 0.00253993 
4.05363 48852.4 0.00253941 
4.05308 48845.5 0.0025389 
4.05254 48838.6 0.00253838 
4.05199 48831.8 0.00253787 
4.05144 48824.9 0.00253735 
4.05089 48818 0.00253684 
4.05034 48811.1 0.00253633 
4.04979 48804.3 0.00253581 
4.04925 48797.4 0.0025353 
4.0487 48790.5 0.00253479 
4.04815 48783.7 0.00253428 
4.04761 48776.8 0.00253377 
4.04706 48770 0.00253326 
4.04652 48763.1 0.00253275 
4.04597 48756.3 0.00253224 
4.04543 48749.4 0.00253173 
4.04488 48742.6 0.00253123 
4.04434 48735.8 0.00253072 
4.04379 48729 0.00253022 
4.04325 48722.1 0.00252971 
4.04271 48715.3 0.00252921 
4.04216 48708.5 0.0025287 
4.04162 48701.7 0.0025282 
4.04108 48694.9 0.0025277 
4.04054 48688.1 0.00252719 
4.04 48681.3 0.00252669 
4.03946 48674.5 0.00252619 
4.03891 48667.7 0.00252569 
4.03837 48660.9 0.00252519 
4.03783 48654.2 0.00252469 
4.0373 48647.4 0.00252419 
4.03676 48640.6 0.0025237 
4.03622 48633.9 0.0025232 
4.03568 48627.1 0.0025227 
4.03514 48620.3 0.00252221 
4.0346 48613.6 0.00252171 
4.03406 48606.8 0.00252122 
4.03353 48600.1 0.00252072 
4.03299 48593.3 0.00252023 
4.03245 48586.6 0.00251974 
4.03192 48579.9 0.00251924 
4.03138 48573.1 0.00251875 
4.03085 48566.4 0.00251826 
4.03031 48559.7 0.00251777 
4.02978 48553 0.00251728 
4.02924 48546.3 0.00251679 
4.02871 48539.5 0.0025163 
4.02818 48532.8 0.00251582 
4.02764 48526.1 0.00251533 
4.02711 48519.4 0.00251484 
4.02658 48512.7 0.00251435 
4.02604 48506 0.00251387 
4.02551 48499.4 0.00251338 
4.02498 48492.7 0.0025129 
4.02445 48486 0.00251242 
4.02392 48479.3 0.00251193 
4.02339 48472.6 0.00251145 
4.02286 48466 0.00251097 
4.02233 48459.3 0.00251049 
4.0218 48452.7 0.00251 
4.02127 48446 0.00250952 
4.02074 48439.3 0.00250904 
4.02021 48432.7 0.00250856 
4.01969 48426.1 0.00250809 
4.01916 48419.4 0.00250761 
4.01863 48412.8 0.00250713 
4.0181 48406.1 0.00250665 
4.01758 48399.5 0.00250618 
4.01705 48392.9 0.0025057 
4.01653 48386.3 0.00250523 
4.016 48379.7 0.00250475 
4.01548 48373 0.00250428 
4.01495 48366.4 0.0025038 
4.01443 48359.8 0.00250333 
4.0139 48353.2 0.00250286 
4.01338 48346.6 0.00250239 
4.01286 48340 0.00250192 
4.01233 48333.4 0.00250145 
4.01181 48326.9 0.00250098 
4.01129 48320.3 0.00250051 
4.01077 48313.7 0.00250004 
4.01024 48307.1 0.00249957 
4.00972 48300.5 0.0024991 
4.0092 48294 0.00249864 
4.00868 48287.4 0.00249817 
4.00816 48280.9 0.0024977 
4.00764 48274.3 0.00249724 
4.00712 48267.7 0.00249677 
4.0066 48261.2 0.00249631 
4.00609 48254.7 0.00249584 
4.00557 48248.1 0.00249538 
4.00505 48241.6 0.00249492 
4.00453 48235 0.00249446 
4.00401 48228.5 0.00249399 
4.0035 48222 0.00249353 
4.00298 48215.5 0.00249307 
4.00247 48208.9 0.00249261 
4.00195 48202.4 0.00249215 
4.00143 48195.9 0.0024917 
4.00092 48189.4 0.00249124 
4.0004 48182.9 0.00249078 
3.99989 48176.4 0.00249032 
3.99938 48169.9 0.00248987 
3.99886 48163.4 0.00248941 
3.99835 48156.9 0.00248896 
3.99784 48150.4 0.0024885 
3.99732 48144 0.00248805 
3.99681 48137.5 0.00248759 
3.9963 48131 0.00248714 
3.99579 48124.5 0.00248669 
3.99528 48118.1 0.00248623 
3.99477 48111.6 0.00248578 
3.99426 48105.2 0.00248533 
3.99375 48098.7 0.00248488 
3.99324 48092.2 0.00248443 
3.99273 48085.8 0.00248398 
3.99222 48079.4 0.00248353 
3.99171 48072.9 0.00248309 
3.9912 48066.5 0.00248264 
3.9907 48060 0.00248219 
3.99019 48053.6 0.00248174 
3.98968 48047.2 0.0024813 
3.98917 48040.8 0.00248085 
3.98867 48034.3 0.00248041 
3.98816 48027.9 0.00247996 
3.98766 48021.5 0.00247952 
3.98715 48015.1 0.00247907 
3.98665 48008.7 0.00247863 
3.98614 48002.3 0.00247819 
3.98564 47995.9 0.00247775 
3.98514 47989.5 0.00247731 
3.98463 47983.1 0.00247687 
3.98413 47976.7 0.00247642 
3.98363 47970.3 0.00247599 
3.98312 47964 0.00247555 
3.98262 47957.6 0.00247511 
3.98212 47951.2 0.00247467 
3.98162 47944.8 0.00247423 
3.98112 47938.5 0.00247379 
3.98062 47932.1 0.00247336 
3.98012 47925.8 0.00247292 
3.97962 47919.4 0.00247249 
3.97912 47913.1 0.00247205 
3.97862 47906.7 0.00247162 
3.97812 47900.4 0.00247118 
3.97762 47894 0.00247075 
3.97713 47887.7 0.00247032 
3.97663 47881.4 0.00246988 
3.97613 47875 0.00246945 
3.97564 47868.7 0.00246902 
3.97514 47862.4 0.00246859 
3.97464 47856.1 0.00246816 
3.97415 47849.7 0.00246773 
3.97365 47843.4 0.0024673 
3.97316 47837.1 0.00246687 
3.97266 47830.8 0.00246644 
3.97217 47824.5 0.00246601 
3.97168 47818.2 0.00246559 
3.97118 47811.9 0.00246516 
3.97069 47805.6 0.00246473 
3.9702 47799.3 0.00246431 
3.9697 47793.1 0.00246388 
3.96921 47786.8 0.00246346 
3.96872 47780.5 0.00246303 
3.96823 47774.2 0.00246261 
3.96774 47768 0.00246218 
3.96725 47761.7 0.00246176 
3.96676 47755.4 0.00246134 
3.96627 47749.2 0.00246092 
3.96578 47742.9 0.0024605 
3.96529 47736.6 0.00246008 
3.9648 47730.4 0.00245965 
3.96432 47724.2 0.00245924 
3.96383 47717.9 0.00245882 
3.96334 47711.7 0.0024584 
3.96285 47705.4 0.00245798 
3.96237 47699.2 0.00245756 
3.96188 47693 0.00245714 
3.96139 47686.7 0.00245673 
3.96091 47680.5 0.00245631 
3.96042 47674.3 0.00245589 
3.95994 47668.1 0.00245548 
3.95945 47661.9 0.00245506 
3.95897 47655.7 0.00245465 
3.95849 47649.5 0.00245423 
3.958 47643.3 0.00245382 
3.95752 47637.1 0.00245341 
3.95704 47630.9 0.00245299 
3.95656 47624.7 0.00245258 
3.95607 47618.5 0.00245217 
3.95559 47612.3 0.00245176 
3.95511 47606.1 0.00245135 
3.95463 47599.9 0.00245094 
3.95415 47593.8 0.00245053 
3.95367 47587.6 0.00245012 
3.95319 47581.4 0.00244971 
3.95271 47575.3 0.0024493 
3.95223 47569.1 0.00244889 
3.95175 47562.9 0.00244849 
3.95128 47556.8 0.00244808 
3.9508 47550.6 0.00244767 
3.95032 47544.5 0.00244727 
3.94984 47538.3 0.00244686 
3.94937 47532.2 0.00244646 
3.94889 47526.1 0.00244605 
3.94842 47519.9 0.00244565 
3.94794 47513.8 0.00244524 
3.94747 47507.7 0.00244484 
3.94699 47501.5 0.00244444 
3.94652 47495.4 0.00244404 
3.94604 47489.3 0.00244363 
3.94557 47483.2 0.00244323 
3.9451 47477.1 0.00244283 
3.94462 47471 0.00244243 
3.94415 47464.8 0.00244203 
3.94368 47458.7 0.00244163 
3.94321 47452.6 0.00244123 
3.94274 47446.5 0.00244084 
3.94226 47440.5 0.00244044 
3.94179 47434.4 0.00244004 
3.94132 47428.3 0.00243964 
3.94085 47422.2 0.00243925 
3.94038 47416.1 0.00243885 
3.93992 47410 0.00243845 
3.93945 47404 0.00243806 
3.93898 47397.9 0.00243766 
3.93851 47391.8 0.00243727 
3.93804 47385.8 0.00243687 
3.93758 47379.7 0.00243648 
3.93711 47373.7 0.00243609 
3.93664 47367.6 0.00243569 
3.93618 47361.5 0.0024353 
3.93571 47355.5 0.00243491 
3.93525 47349.5 0.00243452 
3.93478 47343.4 0.00243413 
3.93432 47337.4 0.00243374 
3.93385 47331.3 0.00243335 
3.93339 47325.3 0.00243296 
3.93292 47319.3 0.00243257 
3.93246 47313.3 0.00243218 
3.932 47307.2 0.00243179 
3.93154 47301.2 0.0024314 
3.93107 47295.2 0.00243102 
3.93061 47289.2 0.00243063 
3.93015 47283.2 0.00243024 
3.92969 47277.2 0.00242986 
3.92923 47271.2 0.00242947 
3.92877 47265.2 0.00242908 
3.92831 47259.2 0.0024287 
3.92785 47253.2 0.00242832 
3.92739 47247.2 0.00242793 
3.92693 47241.2 0.00242755 
3.92648 47235.2 0.00242716 
3.92602 47229.2 0.00242678 
3.92556 47223.3 0.0024264 
3.9251 47217.3 0.00242602 
3.92465 47211.3 0.00242564 
3.92419 47205.4 0.00242525 
3.92373 47199.4 0.00242487 
3.92328 47193.4 0.00242449 
3.92282 47187.5 0.00242411 
3.92237 47181.5 0.00242373 
3.92191 47175.6 0.00242336 
3.92146 47169.6 0.00242298 
3.92101 47163.7 0.0024226 
3.92055 47157.7 0.00242222 
3.9201 47151.8 0.00242184 
3.91965 47145.9 0.00242147 
3.9192 47139.9 0.00242109 
3.91874 47134 0.00242071 
3.91829 47128.1 0.00242034 
3.91784 47122.1 0.00241996 
3.91739 47116.2 0.00241959 
3.91694 47110.3 0.00241921 
3.91649 47104.4 0.00241884 
3.91604 47098.5 0.00241847 
3.91559 47092.6 0.00241809 
3.91514 47086.7 0.00241772 
3.91469 47080.8 0.00241735 
3.91425 47074.9 0.00241698 
3.9138 47069 0.00241661 
3.91335 47063.1 0.00241623 
3.9129 47057.2 0.00241586 
3.91246 47051.3 0.00241549 
3.91201 47045.4 0.00241512 
3.91157 47039.5 0.00241475 
3.91112 47033.7 0.00241438 
3.91067 47027.8 0.00241402 
3.91023 47021.9 0.00241365 
3.90979 47016 0.00241328 
3.90934 47010.2 0.00241291 
3.9089 47004.3 0.00241254 
3.90846 46998.4 0.00241218 
3.90801 46992.6 0.00241181 
3.90757 46986.7 0.00241145 
3.90713 46980.9 0.00241108 
3.90669 46975 0.00241071 
3.90625 46969.2 0.00241035 
3.9058 46963.4 0.00240999 
3.90536 46957.5 0.00240962 
3.90492 46951.7 0.00240926 
3.90448 46945.9 0.00240889 
3.90404 46940 0.00240853 
3.90361 46934.2 0.00240817 
3.90317 46928.4 0.00240781 
3.90273 46922.6 0.00240745 
3.90229 46916.7 0.00240708 
3.90185 46910.9 0.00240672 
3.90142 46905.1 0.00240636 
3.90098 46899.3 0.002406 
3.90054 46893.5 0.00240564 
3.90011 46887.7 0.00240528 
3.89967 46881.9 0.00240492 
3.89924 46876.1 0.00240457 
3.8988 46870.3 0.00240421 
3.89837 46864.5 0.00240385 
3.89793 46858.7 0.00240349 
3.8975 46852.9 0.00240314 
3.89706 46847.2 0.00240278 
3.89663 46841.4 0.00240242 
3.8962 46835.6 0.00240207 
3.89577 46829.8 0.00240171 
3.89533 46824.1 0.00240136 
3.8949 46818.3 0.002401 
3.89447 46812.5 0.00240065 
3.89404 46806.8 0.00240029 
3.89361 46801 0.00239994 
3.89318 46795.3 0.00239958 
3.89275 46789.5 0.00239923 
3.89232 46783.8 0.00239888 
3.89189 46778 0.00239853 
3.89146 46772.3 0.00239817 
3.89104 46766.5 0.00239782 
3.89061 46760.8 0.00239747 
3.89018 46755.1 0.00239712 
3.88975 46749.3 0.00239677 
3.88933 46743.6 0.00239642 
3.8889 46737.9 0.00239607 
3.88847 46732.1 0.00239572 
3.88805 46726.4 0.00239537 
3.88762 46720.7 0.00239502 
3.8872 46715 0.00239468 
3.88678 46709.3 0.00239433 
3.88635 46703.6 0.00239398 
3.88593 46697.9 0.00239363 
3.8855 46692.2 0.00239329 
3.88508 46686.5 0.00239294 
3.88466 46680.8 0.00239259 
3.88424 46675.1 0.00239225 
3.88381 46669.4 0.0023919 
3.88339 46663.7 0.00239156 
3.88297 46658 0.00239121 
3.88255 46652.3 0.00239087 
3.88213 46646.7 0.00239052 
3.88171 46641 0.00239018 
3.88129 46635.3 0.00238984 
3.88087 46629.6 0.00238949 
3.88045 46624 0.00238915 
3.88003 46618.3 0.00238881 
3.87962 46612.6 0.00238847 
3.8792 46607 0.00238813 
3.87878 46601.3 0.00238778 
3.87836 46595.7 0.00238744 
3.87795 46590 0.0023871 
3.87753 46584.4 0.00238676 
3.87712 46578.7 0.00238642 
3.8767 46573.1 0.00238608 
3.87629 46567.4 0.00238574 
3.87587 46561.8 0.0023854 
3.87546 46556.2 0.00238507 
3.87504 46550.5 0.00238473 
3.87463 46544.9 0.00238439 
3.87422 46539.3 0.00238405 
3.8738 46533.7 0.00238372 
3.87339 46528 0.00238338 
3.87298 46522.4 0.00238304 
3.87257 46516.8 0.00238271 
3.87215 46511.2 0.00238237 
3.87174 46505.6 0.00238203 
3.87133 46500 0.0023817 
3.87092 46494.4 0.00238136 
3.87051 46488.8 0.00238103 
3.8701 46483.2 0.0023807 
3.86969 46477.6 0.00238036 
3.86929 46472 0.00238003 
3.86888 46466.4 0.00237969 
3.86847 46460.8 0.00237936 
3.86806 46455.2 0.00237903 
3.86765 46449.7 0.0023787 
3.86725 46444.1 0.00237837 
3.86684 46438.5 0.00237803 
3.86643 46432.9 0.0023777 
3.86603 46427.4 0.00237737 
3.86562 46421.8 0.00237704 
3.86522 46416.2 0.00237671 
3.86481 46410.7 0.00237638 
3.86441 46405.1 0.00237605 
3.864 46399.6 0.00237572 
3.8636 46394 0.00237539 
3.8632 46388.5 0.00237506 
3.8628 46382.9 0.00237474 
3.86239 46377.4 0.00237441 
3.86199 46371.8 0.00237408 
3.86159 46366.3 0.00237375 
3.86119 46360.8 0.00237343 
3.86079 46355.2 0.0023731 
3.86039 46349.7 0.00237277 
3.85999 46344.2 0.00237245 
3.85959 46338.6 0.00237212 
3.85919 46333.1 0.00237179 
3.85879 46327.6 0.00237147 
3.85839 46322.1 0.00237114 
3.85799 46316.6 0.00237082 
3.85759 46311.1 0.0023705 
3.85719 46305.5 0.00237017 
3.8568 46300 0.00236985 
3.8564 46294.5 0.00236952 
3.856 46289 0.0023692 
3.85561 46283.5 0.00236888 
3.85521 46278 0.00236856 
3.85482 46272.5 0.00236823 
3.85442 46267.1 0.00236791 
3.85403 46261.6 0.00236759 
3.85363 46256.1 0.00236727 
3.85324 46250.6 0.00236695 
3.85284 46245.1 0.00236663 
3.85245 46239.6 0.00236631 
3.85206 46234.2 0.00236599 
3.85166 46228.7 0.00236567 
3.85127 46223.2 0.00236535 
3.85088 46217.8 0.00236503 
3.85049 46212.3 0.00236471 
3.8501 46206.8 0.00236439 
3.84971 46201.4 0.00236407 
3.84932 46195.9 0.00236376 
3.84893 46190.5 0.00236344 
3.84854 46185 0.00236312 
3.84815 46179.6 0.0023628 
3.84776 46174.1 0.00236249 
3.84737 46168.7 0.00236217 
3.84698 46163.3 0.00236186 
3.84659 46157.8 0.00236154 
3.84621 46152.4 0.00236122 
3.84582 46147 0.00236091 
3.84543 46141.5 0.00236059 
3.84505 46136.1 0.00236028 
3.84466 46130.7 0.00235996 
3.84428 46125.3 0.00235965 
3.84389 46119.8 0.00235934 
3.84351 46114.4 0.00235902 
3.84312 46109 0.00235871 
3.84274 46103.6 0.0023584 
3.84235 46098.2 0.00235808 
3.84197 46092.8 0.00235777 
3.84159 46087.4 0.00235746 
3.8412 46082 0.00235715 
3.84082 46076.6 0.00235684 
3.84044 46071.2 0.00235652 
3.84006 46065.8 0.00235621 
3.83968 46060.4 0.0023559 
3.8393 46055 0.00235559 
3.83892 46049.7 0.00235528 
3.83854 46044.3 0.00235497 
3.83816 46038.9 0.00235466 
3.83778 46033.5 0.00235435 
3.8374 46028.1 0.00235404 
3.83702 46022.8 0.00235374 
3.83664 46017.4 0.00235343 
3.83626 46012 0.00235312 
3.83588 46006.7 0.00235281 
3.83551 46001.3 0.0023525 
3.83513 45996 0.0023522 
3.83475 45990.6 0.00235189 
3.83438 45985.3 0.00235158 
3.834 45979.9 0.00235128 
3.83363 45974.6 0.00235097 
3.83325 45969.2 0.00235066 
3.83288 45963.9 0.00235036 
3.8325 45958.5 0.00235005 
3.83213 45953.2 0.00234975 
3.83175 45947.9 0.00234944 
3.83138 45942.5 0.00234914 
3.83101 45937.2 0.00234883 
3.83064 45931.9 0.00234853 
3.83026 45926.5 0.00234823 
3.82989 45921.2 0.00234792 
3.82952 45915.9 0.00234762 
3.82915 45910.6 0.00234732 
3.82878 45905.3 0.00234701 
3.82841 45900 0.00234671 
3.82804 45894.7 0.00234641 
3.82767 45889.4 0.00234611 
3.8273 45884 0.0023458 
3.82693 45878.7 0.0023455 
3.82656 45873.5 0.0023452 
3.82619 45868.2 0.0023449 
3.82582 45862.9 0.0023446 
3.82546 45857.6 0.0023443 
3.82509 45852.3 0.002344 
3.82472 45847 0.0023437 
3.82436 45841.7 0.0023434 
3.82399 45836.4 0.0023431 
3.82363 45831.2 0.0023428 
3.82326 45825.9 0.0023425 
3.82289 45820.6 0.0023422 
3.82253 45815.3 0.00234191 
3.82217 45810.1 0.00234161 
3.8218 45804.8 0.00234131 
3.82144 45799.5 0.00234101 
3.82107 45794.3 0.00234071 
3.82071 45789 0.00234042 
3.82035 45783.8 0.00234012 
3.81999 45778.5 0.00233982 
3.81963 45773.3 0.00233953 
3.81926 45768 0.00233923 
3.8189 45762.8 0.00233894 
3.81854 45757.5 0.00233864 
3.81818 45752.3 0.00233835 
3.81782 45747 0.00233805 
3.81746 45741.8 0.00233776 
3.8171 45736.6 0.00233746 
3.81674 45731.4 0.00233717 
3.81639 45726.1 0.00233687 
3.81603 45720.9 0.00233658 
3.81567 45715.7 0.00233628 
3.81531 45710.5 0.00233599 
3.81495 45705.2 0.0023357 
3.8146 45700 0.00233541 
3.81424 45694.8 0.00233511 
3.81388 45689.6 0.00233482 
3.81353 45684.4 0.00233453 
3.81317 45679.2 0.00233424 
3.81282 45674 0.00233394 
3.81246 45668.8 0.00233365 
3.81211 45663.6 0.00233336 
3.81176 45658.4 0.00233307 
3.8114 45653.2 0.00233278 
3.81105 45648 0.00233249 
3.8107 45642.8 0.0023322 
3.81034 45637.6 0.00233191 
3.80999 45632.4 0.00233162 
3.80964 45627.3 0.00233133 
3.80929 45622.1 0.00233104 
3.80894 45616.9 0.00233075 
3.80858 45611.7 0.00233046 
3.80823 45606.6 0.00233017 
3.80788 45601.4 0.00232989 
3.80753 45596.2 0.0023296 
3.80718 45591.1 0.00232931 
3.80684 45585.9 0.00232902 
3.80649 45580.7 0.00232874 
3.80614 45575.6 0.00232845 
3.80579 45570.4 0.00232816 
3.80544 45565.3 0.00232787 
3.8051 45560.1 0.00232759 
3.80475 45555 0.0023273 
3.8044 45549.8 0.00232702 
3.80406 45544.7 0.00232673 
3.80371 45539.6 0.00232644 
3.80336 45534.4 0.00232616 
3.80302 45529.3 0.00232587 
3.80267 45524.2 0.00232559 
3.80233 45519 0.0023253 
3.80198 45513.9 0.00232502 
3.80164 45508.8 0.00232474 
3.8013 45503.7 0.00232445 
3.80095 45498.5 0.00232417 
3.80061 45493.4 0.00232388 
3.80027 45488.3 0.0023236 
3.79993 45483.2 0.00232332 
3.79959 45478.1 0.00232304 
3.79924 45473 0.00232275 
3.7989 45467.9 0.00232247 
3.79856 45462.8 0.00232219 
3.79822 45457.7 0.00232191 
3.79788 45452.6 0.00232162 
3.79754 45447.5 0.00232134 
3.7972 45442.4 0.00232106 
3.79686 45437.3 0.00232078 
3.79652 45432.2 0.0023205 
3.79619 45427.1 0.00232022 
3.79585 45422 0.00231994 
3.79551 45416.9 0.00231966 
3.79517 45411.9 0.00231938 
3.79484 45406.8 0.0023191 
3.7945 45401.7 0.00231882 
3.79416 45396.6 0.00231854 
3.79383 45391.6 0.00231826 
3.79349 45386.5 0.00231798 
3.79316 45381.4 0.0023177 
3.79282 45376.4 0.00231742 
3.79249 45371.3 0.00231715 
3.79215 45366.3 0.00231687 
3.79182 45361.2 0.00231659 
3.79149 45356.1 0.00231631 
3.79115 45351.1 0.00231603 
3.79082 45346 0.00231576 
3.79049 45341 0.00231548 
3.79015 45336 0.0023152 
3.78982 45330.9 0.00231493 
3.78949 45325.9 0.00231465 
3.78916 45320.8 0.00231437 
3.78883 45315.8 0.0023141 
3.7885 45310.8 0.00231382 
3.78817 45305.7 0.00231355 
3.78784 45300.7 0.00231327 
3.78751 45295.7 0.002313 
3.78718 45290.7 0.00231272 
3.78685 45285.6 0.00231245 
3.78652 45280.6 0.00231217 
3.7862 45275.6 0.0023119 
3.78587 45270.6 0.00231162 
3.78554 45265.6 0.00231135 
3.78521 45260.6 0.00231108 
3.78489 45255.6 0.0023108 
3.78456 45250.6 0.00231053 
3.78423 45245.6 0.00231026 
3.78391 45240.6 0.00230998 
3.78358 45235.6 0.00230971 
3.78326 45230.6 0.00230944 
3.78293 45225.6 0.00230917 
3.78261 45220.6 0.00230889 
3.78229 45215.6 0.00230862 
3.78196 45210.6 0.00230835 
3.78164 45205.6 0.00230808 
3.78132 45200.6 0.00230781 
3.78099 45195.7 0.00230754 
3.78067 45190.7 0.00230727 
3.78035 45185.7 0.002307 
3.78003 45180.7 0.00230672 
3.77971 45175.8 0.00230645 
3.77938 45170.8 0.00230618 
3.77906 45165.8 0.00230591 
3.77874 45160.9 0.00230564 
3.77842 45155.9 0.00230537 
3.7781 45151 0.00230511 
3.77778 45146 0.00230484 
3.77747 45141.1 0.00230457 
3.77715 45136.1 0.0023043 
3.77683 45131.2 0.00230403 
3.77651 45126.2 0.00230376 
3.77619 45121.3 0.00230349 
3.77588 45116.3 0.00230323 
3.77556 45111.4 0.00230296 
3.77524 45106.4 0.00230269 
3.77493 45101.5 0.00230242 
3.77461 45096.6 0.00230216 
3.77429 45091.6 0.00230189 
3.77398 45086.7 0.00230162 
3.77366 45081.8 0.00230136 
3.77335 45076.9 0.00230109 
3.77303 45071.9 0.00230082 
3.77272 45067 0.00230056 
3.77241 45062.1 0.00230029 
3.77209 45057.2 0.00230002 
3.77178 45052.3 0.00229976 
3.77147 45047.4 0.00229949 
3.77116 45042.5 0.00229923 
3.77084 45037.6 0.00229896 
3.77053 45032.6 0.0022987 
3.77022 45027.7 0.00229843 
3.76991 45022.8 0.00229817 
3.7696 45018 0.00229791 
3.76929 45013.1 0.00229764 
3.76898 45008.2 0.00229738 
3.76867 45003.3 0.00229711 
3.76836 44998.4 0.00229685 
3.76805 44993.5 0.00229659 
3.76774 44988.6 0.00229632 
3.76743 44983.7 0.00229606 
3.76713 44978.9 0.0022958 
3.76682 44974 0.00229554 
3.76651 44969.1 0.00229527 
3.7662 44964.2 0.00229501 
3.7659 44959.4 0.00229475 
3.76559 44954.5 0.00229449 
3.76528 44949.6 0.00229423 
3.76498 44944.8 0.00229396 
3.76467 44939.9 0.0022937 
3.76437 44935 0.00229344 
3.76406 44930.2 0.00229318 
3.76376 44925.3 0.00229292 
3.76345 44920.5 0.00229266 
3.76315 44915.6 0.0022924 
3.76285 44910.8 0.00229214 
3.76254 44905.9 0.00229188 
3.76224 44901.1 0.00229162 
3.76194 44896.2 0.00229136 
3.76164 44891.4 0.0022911 
3.76133 44886.6 0.00229084 
3.76103 44881.7 0.00229058 
3.76073 44876.9 0.00229032 
3.76043 44872.1 0.00229006 
3.76013 44867.2 0.0022898 
3.75983 44862.4 0.00228954 
3.75953 44857.6 0.00228929 
3.75923 44852.8 0.00228903 
3.75893 44848 0.00228877 
3.75863 44843.1 0.00228851 
3.75833 44838.3 0.00228825 
3.75803 44833.5 0.002288 
3.75774 44828.7 0.00228774 
3.75744 44823.9 0.00228748 
3.75714 44819.1 0.00228723 
3.75684 44814.3 0.00228697 
3.75655 44809.5 0.00228671 
3.75625 44804.7 0.00228646 
3.75595 44799.9 0.0022862 
3.75566 44795.1 0.00228594 
3.75536 44790.3 0.00228569 
3.75507 44785.5 0.00228543 
3.75477 44780.7 0.00228518 
3.75448 44775.9 0.00228492 
3.75419 44771.1 0.00228466 
3.75389 44766.4 0.00228441 
3.7536 44761.6 0.00228415 
3.7533 44756.8 0.0022839 
3.75301 44752 0.00228364 
3.75272 44747.2 0.00228339 
3.75243 44742.5 0.00228314 
3.75213 44737.7 0.00228288 
3.75184 44732.9 0.00228263 
3.75155 44728.2 0.00228237 
3.75126 44723.4 0.00228212 
3.75097 44718.7 0.00228187 
3.75068 44713.9 0.00228161 
3.75039 44709.1 0.00228136 
3.7501 44704.4 0.00228111 
3.74981 44699.6 0.00228085 
3.74952 44694.9 0.0022806 
3.74923 44690.1 0.00228035 
3.74894 44685.4 0.0022801 
3.74866 44680.6 0.00227984 
3.74837 44675.9 0.00227959 
3.74808 44671.2 0.00227934 
3.74779 44666.4 0.00227909 
3.74751 44661.7 0.00227884 
3.74722 44657 0.00227858 
3.74693 44652.2 0.00227833 
3.74665 44647.5 0.00227808 
3.74636 44642.8 0.00227783 
3.74608 44638 0.00227758 
3.74579 44633.3 0.00227733 
3.74551 44628.6 0.00227708 
3.74522 44623.9 0.00227683 
3.74494 44619.2 0.00227658 
3.74465 44614.5 0.00227633 
3.74437 44609.7 0.00227608 
3.74409 44605 0.00227583 
3.7438 44600.3 0.00227558 
3.74352 44595.6 0.00227533 
3.74324 44590.9 0.00227508 
3.74296 44586.2 0.00227483 
3.74268 44581.5 0.00227458 
3.74239 44576.8 0.00227433 
3.74211 44572.1 0.00227408 
3.74183 44567.4 0.00227384 
3.74155 44562.7 0.00227359 
3.74127 44558 0.00227334 
3.74099 44553.4 0.00227309 
3.74071 44548.7 0.00227284 
3.74043 44544 0.0022726 
3.74016 44539.3 0.00227235 
3.73988 44534.6 0.0022721 
3.7396 44530 0.00227185 
3.73932 44525.3 0.00227161 
3.73904 44520.6 0.00227136 
3.73877 44515.9 0.00227111 
3.73849 44511.3 0.00227087 
3.73821 44506.6 0.00227062 
3.73794 44501.9 0.00227037 
3.73766 44497.3 0.00227013 
3.73738 44492.6 0.00226988 
3.73711 44488 0.00226963 
3.73683 44483.3 0.00226939 
3.73656 44478.7 0.00226914 
3.73628 44474 0.0022689 
3.73601 44469.4 0.00226865 
3.73574 44464.7 0.00226841 
3.73546 44460.1 0.00226816 
3.73519 44455.4 0.00226792 
3.73492 44450.8 0.00226767 
3.73464 44446.1 0.00226743 
3.73437 44441.5 0.00226718 
3.7341 44436.9 0.00226694 
3.73383 44432.2 0.00226669 
3.73355 44427.6 0.00226645 
3.73328 44423 0.0022662 
3.73301 44418.4 0.00226596 
3.73274 44413.7 0.00226572 
3.73247 44409.1 0.00226547 
3.7322 44404.5 0.00226523 
3.73193 44399.9 0.00226499 
3.73166 44395.3 0.00226474 
3.73139 44390.6 0.0022645 
3.73112 44386 0.00226426 
3.73086 44381.4 0.00226402 
3.73059 44376.8 0.00226377 
3.73032 44372.2 0.00226353 
3.73005 44367.6 0.00226329 
3.72978 44363 0.00226305 
3.72952 44358.4 0.0022628 
3.72925 44353.8 0.00226256 
3.72898 44349.2 0.00226232 
3.72872 44344.6 0.00226208 
3.72845 44340 0.00226184 
3.72819 44335.4 0.0022616 
3.72792 44330.8 0.00226135 
3.72766 44326.3 0.00226111 
3.72739 44321.7 0.00226087 
3.72713 44317.1 0.00226063 
3.72686 44312.5 0.00226039 
3.7266 44307.9 0.00226015 
3.72634 44303.4 0.00225991 
3.72607 44298.8 0.00225967 
3.72581 44294.2 0.00225943 
3.72555 44289.6 0.00225919 
3.72528 44285.1 0.00225895 
3.72502 44280.5 0.00225871 
3.72476 44275.9 0.00225847 
3.7245 44271.4 0.00225823 
3.72424 44266.8 0.00225799 
3.72398 44262.3 0.00225775 
3.72372 44257.7 0.00225751 
3.72346 44253.2 0.00225728 
3.7232 44248.6 0.00225704 
3.72294 44244.1 0.0022568 
3.72268 44239.5 0.00225656 
3.72242 44235 0.00225632 
3.72216 44230.4 0.00225608 
3.7219 44225.9 0.00225585 
3.72164 44221.3 0.00225561 
3.72138 44216.8 0.00225537 
3.72113 44212.3 0.00225513 
3.72087 44207.7 0.00225489 
3.72061 44203.2 0.00225466 
3.72036 44198.7 0.00225442 
3.7201 44194.1 0.00225418 
3.71984 44189.6 0.00225395 
3.71959 44185.1 0.00225371 
3.71933 44180.6 0.00225347 
3.71908 44176.1 0.00225323 
3.71882 44171.5 0.002253 
3.71857 44167 0.00225276 
3.71831 44162.5 0.00225253 
3.71806 44158 0.00225229 
3.7178 44153.5 0.00225205 
3.71755 44149 0.00225182 
3.7173 44144.5 0.00225158 
3.71704 44140 0.00225135 
3.71679 44135.5 0.00225111 
3.71654 44131 0.00225088 
3.71629 44126.5 0.00225064 
3.71603 44122 0.0022504 
3.71578 44117.5 0.00225017 
3.71553 44113 0.00224994 
3.71528 44108.5 0.0022497 
3.71503 44104 0.00224947 
3.71478 44099.5 0.00224923 
3.71453 44095 0.002249 
3.71428 44090.6 0.00224876 
3.71403 44086.1 0.00224853 
3.71378 44081.6 0.00224829 
3.71353 44077.1 0.00224806 
3.71328 44072.7 0.00224783 
3.71303 44068.2 0.00224759 
3.71279 44063.7 0.00224736 
3.71254 44059.2 0.00224713 
3.71229 44054.8 0.00224689 
3.71204 44050.3 0.00224666 
3.7118 44045.9 0.00224643 
3.71155 44041.4 0.00224619 
3.7113 44036.9 0.00224596 
3.71106 44032.5 0.00224573 
3.71081 44028 0.0022455 
3.71056 44023.6 0.00224526 
3.71032 44019.1 0.00224503 
3.71007 44014.7 0.0022448 
3.70983 44010.2 0.00224457 
3.70958 44005.8 0.00224434 
3.70934 44001.3 0.0022441 
3.7091 43996.9 0.00224387 
3.70885 43992.5 0.00224364 
3.70861 43988 0.00224341 
3.70837 43983.6 0.00224318 
3.70812 43979.2 0.00224295 
3.70788 43974.7 0.00224272 
3.70764 43970.3 0.00224248 
3.7074 43965.9 0.00224225 
3.70715 43961.4 0.00224202 
3.70691 43957 0.00224179 
3.70667 43952.6 0.00224156 
3.70643 43948.2 0.00224133 
3.70619 43943.8 0.0022411 
3.70595 43939.3 0.00224087 
3.70571 43934.9 0.00224064 
3.70547 43930.5 0.00224041 
3.70523 43926.1 0.00224018 
3.70499 43921.7 0.00223995 
3.70475 43917.3 0.00223972 
3.70451 43912.9 0.00223949 
3.70427 43908.5 0.00223926 
3.70404 43904.1 0.00223903 
3.7038 43899.7 0.0022388 
3.70356 43895.3 0.00223858 
3.70332 43890.9 0.00223835 
3.70309 43886.5 0.00223812 
3.70285 43882.1 0.00223789 
3.70261 43877.7 0.00223766 
3.70238 43873.3 0.00223743 
3.70214 43869 0.0022372 
3.7019 43864.6 0.00223698 
3.70167 43860.2 0.00223675 
3.70143 43855.8 0.00223652 
3.7012 43851.4 0.00223629 
3.70096 43847.1 0.00223606 
3.70073 43842.7 0.00223584 
3.7005 43838.3 0.00223561 
3.70026 43833.9 0.00223538 
3.70003 43829.6 0.00223515 
3.69979 43825.2 0.00223493 
3.69956 43820.8 0.0022347 
3.69933 43816.5 0.00223447 
3.6991 43812.1 0.00223425 
3.69886 43807.8 0.00223402 
3.69863 43803.4 0.00223379 
3.6984 43799 0.00223357 
3.69817 43794.7 0.00223334 
3.69794 43790.3 0.00223311 
3.69771 43786 0.00223289 
3.69748 43781.6 0.00223266 
3.69725 43777.3 0.00223244 
3.69701 43773 0.00223221 
3.69679 43768.6 0.00223198 
3.69656 43764.3 0.00223176 
3.69633 43759.9 0.00223153 
3.6961 43755.6 0.00223131 
3.69587 43751.3 0.00223108 
3.69564 43746.9 0.00223086 
3.69541 43742.6 0.00223063 
3.69518 43738.3 0.00223041 
3.69496 43733.9 0.00223018 
3.69473 43729.6 0.00222996 
3.6945 43725.3 0.00222973 
3.69427 43721 0.00222951 
3.69405 43716.7 0.00222928 
3.69382 43712.3 0.00222906 
3.69359 43708 0.00222884 
3.69337 43703.7 0.00222861 
3.69314 43699.4 0.00222839 
3.69292 43695.1 0.00222816 
3.69269 43690.8 0.00222794 
3.69247 43686.5 0.00222772 
3.69224 43682.2 0.00222749 
3.69202 43677.9 0.00222727 
3.69179 43673.6 0.00222705 
3.69157 43669.3 0.00222682 
3.69135 43665 0.0022266 
3.69112 43660.7 0.00222638 
3.6909 43656.4 0.00222615 
3.69068 43652.1 0.00222593 
3.69045 43647.8 0.00222571 
3.69023 43643.5 0.00222548 
3.69001 43639.2 0.00222526 
3.68979 43634.9 0.00222504 
3.68957 43630.7 0.00222482 
3.68935 43626.4 0.0022246 
3.68912 43622.1 0.00222437 
3.6889 43617.8 0.00222415 
3.68868 43613.5 0.00222393 
3.68846 43609.3 0.00222371 
3.68824 43605 0.00222349 
3.68802 43600.7 0.00222326 
3.6878 43596.5 0.00222304 
3.68758 43592.2 0.00222282 
3.68737 43587.9 0.0022226 
3.68715 43583.7 0.00222238 
3.68693 43579.4 0.00222216 
3.68671 43575.1 0.00222194 
3.68649 43570.9 0.00222172 
3.68627 43566.6 0.00222149 
3.68606 43562.4 0.00222127 
3.68584 43558.1 0.00222105 
3.68562 43553.9 0.00222083 
3.68541 43549.6 0.00222061 
3.68519 43545.4 0.00222039 
3.68497 43541.1 0.00222017 
3.68476 43536.9 0.00221995 
3.68454 43532.7 0.00221973 
3.68433 43528.4 0.00221951 
3.68411 43524.2 0.00221929 
3.6839 43520 0.00221907 
3.68368 43515.7 0.00221885 
3.68347 43511.5 0.00221863 
3.68325 43507.3 0.00221841 
3.68304 43503 0.0022182 
3.68283 43498.8 0.00221798 
3.68261 43494.6 0.00221776 
3.6824 43490.4 0.00221754 
3.68219 43486.1 0.00221732 
3.68197 43481.9 0.0022171 
3.68176 43477.7 0.00221688 
3.68155 43473.5 0.00221666 
3.68134 43469.3 0.00221644 
3.68112 43465.1 0.00221623 
3.68091 43460.8 0.00221601 
3.6807 43456.6 0.00221579 
3.68049 43452.4 0.00221557 
3.68028 43448.2 0.00221535 
3.68007 43444 0.00221514 
3.67986 43439.8 0.00221492 
3.67965 43435.6 0.0022147 
3.67944 43431.4 0.00221448 
3.67923 43427.2 0.00221426 
3.67902 43423 0.00221405 
3.67881 43418.8 0.00221383 
3.6786 43414.7 0.00221361 
3.67839 43410.5 0.0022134 
3.67819 43406.3 0.00221318 
3.67798 43402.1 0.00221296 
3.67777 43397.9 0.00221274 
3.67756 43393.7 0.00221253 
3.67736 43389.6 0.00221231 
3.67715 43385.4 0.00221209 
3.67694 43381.2 0.00221188 
3.67673 43377 0.00221166 
3.67653 43372.9 0.00221145 
3.67632 43368.7 0.00221123 
3.67612 43364.5 0.00221101 
3.67591 43360.3 0.0022108 
3.67571 43356.2 0.00221058 
3.6755 43352 0.00221037 
3.67529 43347.9 0.00221015 
3.67509 43343.7 0.00220993 
3.67489 43339.5 0.00220972 
3.67468 43335.4 0.0022095 
3.67448 43331.2 0.00220929 
3.67427 43327.1 0.00220907 
3.67407 43322.9 0.00220886 
3.67387 43318.8 0.00220864 
3.67366 43314.6 0.00220843 
3.67346 43310.5 0.00220821 
3.67326 43306.3 0.002208 
3.67306 43302.2 0.00220778 
3.67285 43298 0.00220757 
3.67265 43293.9 0.00220735 
3.67245 43289.8 0.00220714 
3.67225 43285.6 0.00220692 
3.67205 43281.5 0.00220671 
3.67185 43277.4 0.0022065 
3.67165 43273.2 0.00220628 
3.67145 43269.1 0.00220607 
3.67125 43265 0.00220585 
3.67105 43260.9 0.00220564 
3.67085 43256.7 0.00220543 
3.67065 43252.6 0.00220521 
3.67045 43248.5 0.002205 
3.67025 43244.4 0.00220479 
3.67005 43240.3 0.00220457 
3.66985 43236.1 0.00220436 
3.66965 43232 0.00220415 
3.66945 43227.9 0.00220393 
3.66926 43223.8 0.00220372 
3.66906 43219.7 0.00220351 
3.66886 43215.6 0.00220329 
3.66866 43211.5 0.00220308 
3.66847 43207.4 0.00220287 
3.66827 43203.3 0.00220266 
3.66807 43199.2 0.00220244 
3.66788 43195.1 0.00220223 
3.66768 43191 0.00220202 
3.66749 43186.9 0.00220181 
3.66729 43182.8 0.0022016 
3.6671 43178.7 0.00220138 
3.6669 43174.6 0.00220117 
3.66671 43170.5 0.00220096 
3.66651 43166.5 0.00220075 
3.66632 43162.4 0.00220054 
3.66612 43158.3 0.00220032 
3.66593 43154.2 0.00220011 
3.66573 43150.1 0.0021999 
3.66554 43146.1 0.00219969 
3.66535 43142 0.00219948 
3.66515 43137.9 0.00219927 
3.66496 43133.8 0.00219906 
3.66477 43129.8 0.00219885 
3.66458 43125.7 0.00219864 
3.66438 43121.6 0.00219842 
3.66419 43117.6 0.00219821 
3.664 43113.5 0.002198 
3.66381 43109.4 0.00219779 
3.66362 43105.4 0.00219758 
3.66343 43101.3 0.00219737 
3.66324 43097.3 0.00219716 
3.66305 43093.2 0.00219695 
3.66285 43089.2 0.00219674 
3.66266 43085.1 0.00219653 
3.66247 43081.1 0.00219632 
3.66228 43077 0.00219611 
3.6621 43073 0.0021959 
3.66191 43068.9 0.00219569 
3.66172 43064.9 0.00219548 
3.66153 43060.8 0.00219527 
3.66134 43056.8 0.00219506 
3.66115 43052.8 0.00219485 
3.66096 43048.7 0.00219464 
3.66077 43044.7 0.00219444 
3.66059 43040.7 0.00219423 
3.6604 43036.6 0.00219402 
3.66021 43032.6 0.00219381 
3.66003 43028.6 0.0021936 
3.65984 43024.5 0.00219339 
3.65965 43020.5 0.00219318 
3.65947 43016.5 0.00219297 
3.65928 43012.5 0.00219277 
3.65909 43008.5 0.00219256 
3.65891 43004.4 0.00219235 
3.65872 43000.4 0.00219214 
3.65854 42996.4 0.00219193 
3.65835 42992.4 0.00219172 
3.65817 42988.4 0.00219152 
3.65798 42984.4 0.00219131 
3.6578 42980.4 0.0021911 
3.65761 42976.4 0.00219089 
3.65743 42972.4 0.00219068 
3.65724 42968.4 0.00219048 
3.65706 42964.4 0.00219027 
3.65688 42960.4 0.00219006 
3.65669 42956.4 0.00218985 
3.65651 42952.4 0.00218965 
3.65633 42948.4 0.00218944 
3.65615 42944.4 0.00218923 
3.65596 42940.4 0.00218903 
3.65578 42936.4 0.00218882 
3.6556 42932.4 0.00218861 
3.65542 42928.4 0.00218841 
3.65524 42924.4 0.0021882 
3.65506 42920.5 0.00218799 
3.65487 42916.5 0.00218779 
3.65469 42912.5 0.00218758 
3.65451 42908.5 0.00218737 
3.65433 42904.6 0.00218717 
3.65415 42900.6 0.00218696 
3.65397 42896.6 0.00218675 
3.65379 42892.6 0.00218655 
3.65361 42888.7 0.00218634 
3.65343 42884.7 0.00218614 
3.65325 42880.7 0.00218593 
3.65307 42876.8 0.00218572 
3.6529 42872.8 0.00218552 
3.65272 42868.8 0.00218531 
3.65254 42864.9 0.00218511 
3.65236 42860.9 0.0021849 
3.65218 42857 0.0021847 
3.65201 42853 0.00218449 
3.65183 42849.1 0.00218429 
3.65165 42845.1 0.00218408 
3.65147 42841.2 0.00218388 
3.6513 42837.2 0.00218367 
3.65112 42833.3 0.00218347 
3.65094 42829.3 0.00218326 
3.65077 42825.4 0.00218306 
3.65059 42821.4 0.00218285 
3.65041 42817.5 0.00218265 
3.65024 42813.6 0.00218244 
3.65006 42809.6 0.00218224 
3.64989 42805.7 0.00218204 
3.64971 42801.8 0.00218183 
3.64954 42797.8 0.00218163 
3.64936 42793.9 0.00218142 
3.64919 42790 0.00218122 
3.64902 42786 0.00218101 
3.64884 42782.1 0.00218081 
3.64867 42778.2 0.00218061 
3.64849 42774.3 0.0021804 
3.64832 42770.4 0.0021802 
3.64815 42766.4 0.00218 
3.64797 42762.5 0.00217979 
3.6478 42758.6 0.00217959 
3.64763 42754.7 0.00217939 
3.64746 42750.8 0.00217918 
3.64728 42746.9 0.00217898 
3.64711 42743 0.00217878 
3.64694 42739.1 0.00217857 
3.64677 42735.1 0.00217837 
3.6466 42731.2 0.00217817 
3.64643 42727.3 0.00217797 
3.64625 42723.4 0.00217776 
3.64608 42719.5 0.00217756 
3.64591 42715.6 0.00217736 
3.64574 42711.7 0.00217716 
3.64557 42707.9 0.00217695 
3.6454 42704 0.00217675 
3.64523 42700.1 0.00217655 
3.64506 42696.2 0.00217635 
3.64489 42692.3 0.00217614 
3.64472 42688.4 0.00217594 
3.64455 42684.5 0.00217574 
3.64439 42680.6 0.00217554 
3.64422 42676.8 0.00217534 
3.64405 42672.9 0.00217513 
3.64388 42669 0.00217493 
3.64371 42665.1 0.00217473 
3.64354 42661.2 0.00217453 
3.64338 42657.4 0.00217433 
3.64321 42653.5 0.00217413 
3.64304 42649.6 0.00217393 
3.64287 42645.8 0.00217372 
3.64271 42641.9 0.00217352 
3.64254 42638 0.00217332 
3.64237 42634.2 0.00217312 
3.64221 42630.3 0.00217292 
3.64204 42626.4 0.00217272 
3.64188 42622.6 0.00217252 
3.64171 42618.7 0.00217232 
3.64154 42614.9 0.00217212 
3.64138 42611 0.00217192 
3.64121 42607.2 0.00217172 
3.64105 42603.3 0.00217152 
3.64088 42599.5 0.00217132 
3.64072 42595.6 0.00217112 
3.64055 42591.8 0.00217092 
3.64039 42587.9 0.00217072 
3.64023 42584.1 0.00217052 
3.64006 42580.2 0.00217032 
3.6399 42576.4 0.00217012 
3.63973 42572.6 0.00216992 
3.63957 42568.7 0.00216972 
3.63941 42564.9 0.00216952 
3.63924 42561.1 0.00216932 
3.63908 42557.2 0.00216912 
3.63892 42553.4 0.00216892 
3.63876 42549.6 0.00216872 
3.63859 42545.7 0.00216852 
3.63843 42541.9 0.00216832 
3.63827 42538.1 0.00216812 
3.63811 42534.3 0.00216792 
3.63795 42530.4 0.00216772 
3.63779 42526.6 0.00216752 
3.63763 42522.8 0.00216733 
3.63746 42519 0.00216713 
3.6373 42515.2 0.00216693 
3.63714 42511.4 0.00216673 
3.63698 42507.5 0.00216653 
3.63682 42503.7 0.00216633 
3.63666 42499.9 0.00216613 
3.6365 42496.1 0.00216594 
3.63634 42492.3 0.00216574 
3.63618 42488.5 0.00216554 
3.63602 42484.7 0.00216534 
3.63587 42480.9 0.00216514 
3.63571 42477.1 0.00216494 
3.63555 42473.3 0.00216475 
3.63539 42469.5 0.00216455 
3.63523 42465.7 0.00216435 
3.63507 42461.9 0.00216415 
3.63491 42458.1 0.00216396 
3.63476 42454.3 0.00216376 
3.6346 42450.6 0.00216356 
3.63444 42446.8 0.00216336 
3.63428 42443 0.00216317 
3.63413 42439.2 0.00216297 
3.63397 42435.4 0.00216277 
3.63381 42431.6 0.00216257 
3.63366 42427.9 0.00216238 
3.6335 42424.1 0.00216218 
3.63334 42420.3 0.00216198 
3.63319 42416.5 0.00216179 
3.63303 42412.8 0.00216159 
3.63288 42409 0.00216139 
3.63272 42405.2 0.0021612 
3.63257 42401.4 0.002161 
3.63241 42397.7 0.0021608 
3.63226 42393.9 0.00216061 
3.6321 42390.1 0.00216041 
3.63195 42386.4 0.00216021 
3.63179 42382.6 0.00216002 
3.63164 42378.9 0.00215982 
3.63148 42375.1 0.00215963 
3.63133 42371.4 0.00215943 
3.63117 42367.6 0.00215923 
3.63102 42363.8 0.00215904 
3.63087 42360.1 0.00215884 
3.63071 42356.3 0.00215865 
3.63056 42352.6 0.00215845 
3.63041 42348.8 0.00215826 
3.63026 42345.1 0.00215806 
3.6301 42341.4 0.00215786 
3.62995 42337.6 0.00215767 
3.6298 42333.9 0.00215747 
3.62965 42330.1 0.00215728 
3.62949 42326.4 0.00215708 
3.62934 42322.7 0.00215689 
3.62919 42318.9 0.00215669 
3.62904 42315.2 0.0021565 
3.62889 42311.5 0.0021563 
3.62874 42307.7 0.00215611 
3.62859 42304 0.00215591 
3.62844 42300.3 0.00215572 
3.62829 42296.5 0.00215552 
3.62814 42292.8 0.00215533 
3.62799 42289.1 0.00215513 
3.62784 42285.4 0.00215494 
3.62769 42281.7 0.00215475 
3.62754 42277.9 0.00215455 
3.62739 42274.2 0.00215436 
3.62724 42270.5 0.00215416 
3.62709 42266.8 0.00215397 
3.62694 42263.1 0.00215377 
3.62679 42259.4 0.00215358 
3.62664 42255.7 0.00215339 
3.62649 42252 0.00215319 
3.62634 42248.2 0.002153 
3.6262 42244.5 0.00215281 
3.62605 42240.8 0.00215261 
3.6259 42237.1 0.00215242 
3.62575 42233.4 0.00215222 
3.62561 42229.7 0.00215203 
3.62546 42226 0.00215184 
3.62531 42222.3 0.00215164 
3.62516 42218.7 0.00215145 
3.62502 42215 0.00215126 
3.62487 42211.3 0.00215107 
3.62472 42207.6 0.00215087 
3.62458 42203.9 0.00215068 
3.62443 42200.2 0.00215049 
3.62428 42196.5 0.00215029 
3.62414 42192.8 0.0021501 
3.62399 42189.2 0.00214991 
3.62385 42185.5 0.00214972 
3.6237 42181.8 0.00214952 
3.62356 42178.1 0.00214933 
3.62341 42174.4 0.00214914 
3.62327 42170.8 0.00214895 
3.62312 42167.1 0.00214875 
3.62298 42163.4 0.00214856 
3.62283 42159.7 0.00214837 
3.62269 42156.1 0.00214818 
3.62254 42152.4 0.00214798 
3.6224 42148.7 0.00214779 
3.62226 42145.1 0.0021476 
3.62211 42141.4 0.00214741 
3.62197 42137.8 0.00214722 
3.62183 42134.1 0.00214703 
3.62168 42130.4 0.00214683 
3.62154 42126.8 0.00214664 
3.6214 42123.1 0.00214645 
3.62125 42119.5 0.00214626 
3.62111 42115.8 0.00214607 
3.62097 42112.2 0.00214588 
3.62083 42108.5 0.00214568 
3.62069 42104.9 0.00214549 
3.62054 42101.2 0.0021453 
3.6204 42097.6 0.00214511 
3.62026 42093.9 0.00214492 
3.62012 42090.3 0.00214473 
3.61998 42086.7 0.00214454 
3.61984 42083 0.00214435 
3.61969 42079.4 0.00214416 
3.61955 42075.7 0.00214397 
3.61941 42072.1 0.00214378 
3.61927 42068.5 0.00214359 
3.61913 42064.8 0.00214339 
3.61899 42061.2 0.0021432 
3.61885 42057.6 0.00214301 
3.61871 42053.9 0.00214282 
3.61857 42050.3 0.00214263 
3.61843 42046.7 0.00214244 
3.61829 42043.1 0.00214225 
3.61815 42039.5 0.00214206 
3.61801 42035.8 0.00214187 
3.61788 42032.2 0.00214168 
3.61774 42028.6 0.00214149 
3.6176 42025 0.0021413 
3.61746 42021.4 0.00214111 
3.61732 42017.7 0.00214092 
3.61718 42014.1 0.00214073 
3.61704 42010.5 0.00214055 
3.61691 42006.9 0.00214036 
3.61677 42003.3 0.00214017 
3.61663 41999.7 0.00213998 
3.61649 41996.1 0.00213979 
3.61636 41992.5 0.0021396 
3.61622 41988.9 0.00213941 
3.61608 41985.3 0.00213922 
3.61595 41981.7 0.00213903 
3.61581 41978.1 0.00213884 
3.61567 41974.5 0.00213865 
3.61554 41970.9 0.00213846 
3.6154 41967.3 0.00213828 
3.61526 41963.7 0.00213809 
3.61513 41960.1 0.0021379 
3.61499 41956.5 0.00213771 
3.61485 41953 0.00213752 
3.61472 41949.4 0.00213733 
3.61458 41945.8 0.00213714 
3.61445 41942.2 0.00213696 
3.61431 41938.6 0.00213677 
3.61418 41935 0.00213658 
3.61404 41931.5 0.00213639 
3.61391 41927.9 0.0021362 
3.61377 41924.3 0.00213602 
3.61364 41920.7 0.00213583 
3.61351 41917.2 0.00213564 
3.61337 41913.6 0.00213545 
3.61324 41910 0.00213526 
3.6131 41906.5 0.00213508 
3.61297 41902.9 0.00213489 
3.61284 41899.3 0.0021347 
3.6127 41895.8 0.00213451 
3.61257 41892.2 0.00213433 
3.61244 41888.6 0.00213414 
3.6123 41885.1 0.00213395 
3.61217 41881.5 0.00213376 
3.61204 41878 0.00213358 
3.6119 41874.4 0.00213339 
3.61177 41870.8 0.0021332 
3.61164 41867.3 0.00213302 
3.61151 41863.7 0.00213283 
3.61138 41860.2 0.00213264 
3.61124 41856.6 0.00213245 
3.61111 41853.1 0.00213227 
3.61098 41849.5 0.00213208 
3.61085 41846 0.00213189 
3.61072 41842.5 0.00213171 
3.61059 41838.9 0.00213152 
3.61045 41835.4 0.00213133 
3.61032 41831.8 0.00213115 
3.61019 41828.3 0.00213096 
3.61006 41824.8 0.00213078 
3.60993 41821.2 0.00213059 
3.6098 41817.7 0.0021304 
3.60967 41814.2 0.00213022 
3.60954 41810.6 0.00213003 
3.60941 41807.1 0.00212985 
3.60928 41803.6 0.00212966 
