0 0 0 
25.4368 405975 0.00061232 
22.1955 344890 0.000513675 
20.2098 303603 0.00056893 
18.8333 274212 0.000646011 
17.7869 252307 0.000719546 
16.9433 235344 0.000787185 
16.238 221787 0.000849559 
15.6343 210673 0.000907386 
15.1087 201368 0.000961224 
14.6455 193442 0.00101151 
14.2329 186591 0.00105862 
13.8623 180597 0.00110286 
13.5269 175298 0.0011445 
13.2215 170570 0.0011838 
12.9418 166318 0.00122095 
12.6844 162467 0.00125616 
12.4464 158959 0.00128958 
12.2254 155746 0.00132137 
12.0196 152788 0.00135166 
11.8272 150054 0.00138057 
11.6468 147516 0.0014082 
11.4773 145152 0.00143466 
11.3174 142942 0.00146002 
11.1665 140871 0.00148436 
11.0235 138925 0.00150776 
10.8879 137091 0.00153028 
10.7591 135360 0.00155197 
10.6364 133720 0.00157289 
10.5194 132166 0.00159309 
10.4076 130689 0.00161261 
10.3008 129283 0.00163149 
10.1984 127943 0.00164976 
10.1003 126664 0.00166747 
10.0061 125440 0.00168464 
9.91558 124269 0.00170131 
9.82847 123146 0.00171749 
9.74458 122069 0.00173322 
9.66371 121033 0.00174851 
9.58568 120037 0.0017634 
9.51033 119078 0.00177789 
9.43749 118154 0.001792 
9.36705 117262 0.00180577 
9.29886 116401 0.00181919 
9.2328 115568 0.00183229 
9.16877 114764 0.00184508 
9.10666 113985 0.00185757 
9.04637 113230 0.00186978 
8.98782 112499 0.00188171 
8.93093 111790 0.00189339 
8.87561 111101 0.00190481 
8.8218 110433 0.00191599 
8.76942 109783 0.00192695 
8.71841 109152 0.00193768 
8.66872 108538 0.00194819 
8.62028 107940 0.0019585 
8.57305 107357 0.00196861 
8.52696 106790 0.00197853 
8.48199 106237 0.00198826 
8.43807 105698 0.00199782 
8.39518 105172 0.0020072 
8.35327 104659 0.00201641 
8.3123 104158 0.00202547 
8.27224 103668 0.00203437 
8.23305 103190 0.00204311 
8.19471 102722 0.00205172 
8.15717 102265 0.00206018 
8.12042 101817 0.0020685 
8.08443 101379 0.00207669 
8.04917 100951 0.00208475 
8.01461 100531 0.00209269 
7.98073 100121 0.0021005 
7.94751 99717.9 0.0021082 
7.91493 99323.3 0.00211578 
7.88297 98936.4 0.00212325 
7.8516 98557.1 0.00213062 
7.82082 98185 0.00213788 
7.79059 97819.9 0.00214503 
7.76091 97461.7 0.00215209 
7.73175 97110 0.00215905 
7.70311 96764.7 0.00216591 
7.67496 96425.6 0.00217268 
7.64729 96092.5 0.00217937 
7.6201 95765.2 0.00218596 
7.59336 95443.6 0.00219247 
7.56706 95127.4 0.0021989 
7.54119 94816.6 0.00220525 
7.51573 94510.9 0.00221152 
7.49069 94210.3 0.00221771 
7.46604 93914.5 0.00222382 
7.44177 93623.5 0.00222987 
7.41788 93337.1 0.00223584 
7.39436 93055.3 0.00224174 
7.37119 92777.8 0.00224757 
7.34837 92504.5 0.00225333 
7.32588 92235.4 0.00225903 
7.30373 91970.4 0.00226467 
7.2819 91709.3 0.00227024 
7.26038 91452 0.00227575 
7.23917 91198.5 0.0022812 
7.21825 90948.6 0.00228659 
7.19763 90702.3 0.00229193 
7.17729 90459.5 0.00229721 
7.15723 90220.1 0.00230243 
7.13744 89984 0.0023076 
7.11792 89751.1 0.00231272 
7.09866 89521.3 0.00231778 
7.07965 89294.7 0.0023228 
7.06089 89071.1 0.00232776 
7.04237 88850.4 0.00233268 
7.02408 88632.6 0.00233755 
7.00604 88417.6 0.00234237 
6.98821 88205.4 0.00234714 
6.97061 87995.9 0.00235187 
6.95323 87789 0.00235656 
6.93606 87584.7 0.0023612 
6.9191 87382.9 0.0023658 
6.90234 87183.6 0.00237036 
6.88579 86986.7 0.00237488 
6.86942 86792.2 0.00237935 
6.85326 86600 0.00238379 
6.83728 86410.1 0.00238819 
6.82148 86222.4 0.00239255 
6.80587 86036.9 0.00239687 
6.79043 85853.5 0.00240116 
6.77517 85672.2 0.00240541 
6.76008 85493 0.00240962 
6.74515 85315.8 0.0024138 
6.73039 85140.6 0.00241794 
6.71579 84967.3 0.00242205 
6.70135 84795.9 0.00242613 
6.68707 84626.4 0.00243017 
6.67294 84458.8 0.00243418 
6.65896 84292.9 0.00243816 
6.64512 84128.8 0.00244211 
6.63143 83966.4 0.00244603 
6.61788 83805.7 0.00244992 
6.60447 83646.7 0.00245377 
6.5912 83489.4 0.0024576 
6.57806 83333.6 0.0024614 
6.56506 83179.5 0.00246517 
6.55218 83026.9 0.00246892 
6.53944 82875.8 0.00247263 
6.52682 82726.2 0.00247632 
6.51432 82578.1 0.00247998 
6.50194 82431.5 0.00248362 
6.48969 82286.3 0.00248723 
6.47755 82142.5 0.00249081 
6.46553 82000.1 0.00249437 
6.45362 81859 0.00249791 
6.44182 81719.3 0.00250142 
6.43013 81580.9 0.00250491 
6.41856 81443.8 0.00250837 
6.40708 81307.9 0.00251181 
6.39572 81173.4 0.00251522 
6.38445 81040 0.00251862 
6.37329 80907.9 0.00252199 
6.36223 80776.9 0.00252534 
6.35127 80647.1 0.00252866 
6.34041 80518.5 0.00253197 
6.32964 80391.1 0.00253525 
6.31897 80264.7 0.00253852 
6.30838 80139.5 0.00254176 
6.2979 80015.3 0.00254498 
6.2875 79892.2 0.00254819 
6.27719 79770.2 0.00255137 
6.26696 79649.2 0.00255453 
6.25683 79529.3 0.00255768 
6.24678 79410.3 0.0025608 
6.23681 79292.4 0.00256391 
6.22693 79175.4 0.002567 
6.21713 79059.4 0.00257007 
6.20741 78944.4 0.00257312 
6.19777 78830.3 0.00257615 
6.1882 78717.1 0.00257917 
6.17872 78604.8 0.00258217 
6.16931 78493.5 0.00258515 
6.15997 78383 0.00258811 
6.15072 78273.4 0.00259106 
6.14153 78164.7 0.00259399 
6.13241 78056.8 0.00259691 
6.12337 77949.8 0.00259981 
6.1144 77843.6 0.00260269 
6.1055 77738.2 0.00260556 
6.09666 77633.6 0.00260841 
6.0879 77529.9 0.00261125 
6.0792 77426.9 0.00261407 
6.07056 77324.7 0.00261688 
6.062 77223.2 0.00261967 
6.05349 77122.5 0.00262245 
6.04505 77022.6 0.00262521 
6.03667 76923.4 0.00262796 
6.02836 76824.9 0.00263069 
6.02011 76727.2 0.00263341 
6.01191 76630.1 0.00263612 
6.00378 76533.8 0.00263881 
5.99571 76438.2 0.00264149 
5.98769 76343.2 0.00264416 
5.97973 76248.9 0.00264681 
5.97183 76155.3 0.00264945 
5.96399 76062.3 0.00265208 
5.9562 75970 0.00265469 
5.94846 75878.4 0.00265729 
5.94078 75787.3 0.00265988 
5.93316 75696.9 0.00266246 
5.92559 75607.2 0.00266503 
5.91807 75518 0.00266758 
5.9106 75429.4 0.00267012 
5.90318 75341.5 0.00267265 
5.89582 75254.1 0.00267516 
5.88851 75167.3 0.00267767 
5.88124 75081.1 0.00268016 
5.87403 74995.5 0.00268265 
5.86686 74910.4 0.00268512 
5.85974 74825.9 0.00268758 
5.85267 74741.9 0.00269003 
5.84565 74658.5 0.00269247 
5.83867 74575.7 0.00269489 
5.83174 74493.3 0.00269731 
5.82486 74411.5 0.00269972 
5.81802 74330.2 0.00270211 
5.81122 74249.4 0.0027045 
5.80447 74169.2 0.00270687 
5.79777 74089.4 0.00270924 
5.7911 74010.2 0.00271159 
5.78448 73931.4 0.00271394 
5.77791 73853.1 0.00271627 
5.77137 73775.3 0.0027186 
5.76488 73698 0.00272091 
5.75843 73621.2 0.00272322 
5.75202 73544.8 0.00272551 
5.74565 73468.9 0.0027278 
5.73932 73393.5 0.00273008 
5.73303 73318.5 0.00273234 
5.72678 73243.9 0.0027346 
5.72057 73169.8 0.00273685 
5.71439 73096.2 0.00273909 
5.70826 73023 0.00274132 
5.70216 72950.2 0.00274355 
5.69611 72877.8 0.00274576 
5.69009 72805.9 0.00274796 
5.6841 72734.3 0.00275016 
5.67815 72663.2 0.00275235 
5.67224 72592.5 0.00275453 
5.66637 72522.2 0.0027567 
5.66053 72452.3 0.00275886 
5.65472 72382.8 0.00276101 
5.64895 72313.7 0.00276316 
5.64322 72245 0.00276529 
5.63752 72176.7 0.00276742 
5.63186 72108.8 0.00276954 
5.62622 72041.2 0.00277165 
5.62063 71974 0.00277376 
5.61506 71907.2 0.00277585 
5.60953 71840.7 0.00277794 
5.60403 71774.6 0.00278002 
5.59856 71708.9 0.00278209 
5.59313 71643.5 0.00278416 
5.58773 71578.5 0.00278622 
5.58236 71513.9 0.00278826 
5.57702 71449.6 0.00279031 
5.57171 71385.6 0.00279234 
5.56643 71321.9 0.00279437 
5.56119 71258.7 0.00279639 
5.55597 71195.7 0.0027984 
5.55078 71133.1 0.0028004 
5.54563 71070.8 0.0028024 
5.5405 71008.8 0.00280439 
5.53541 70947.2 0.00280637 
5.53034 70885.8 0.00280834 
5.5253 70824.8 0.00281031 
5.52029 70764.1 0.00281227 
5.51531 70703.7 0.00281423 
5.51036 70643.7 0.00281617 
5.50544 70583.9 0.00281811 
5.50054 70524.4 0.00282004 
5.49567 70465.2 0.00282197 
5.49083 70406.4 0.00282389 
5.48602 70347.8 0.0028258 
5.48123 70289.5 0.0028277 
5.47648 70231.5 0.0028296 
5.47174 70173.8 0.00283149 
5.46704 70116.4 0.00283338 
5.46236 70059.3 0.00283525 
5.45771 70002.4 0.00283712 
5.45308 69945.8 0.00283899 
5.44848 69889.5 0.00284085 
5.4439 69833.5 0.0028427 
5.43935 69777.7 0.00284454 
5.43483 69722.3 0.00284638 
5.43033 69667 0.00284821 
5.42586 69612.1 0.00285003 
5.42141 69557.4 0.00285185 
5.41698 69502.9 0.00285366 
5.41259 69448.8 0.00285547 
5.40821 69394.8 0.00285727 
5.40386 69341.2 0.00285906 
5.39953 69287.8 0.00286084 
5.39523 69234.6 0.00286262 
5.39095 69181.7 0.0028644 
5.38669 69129 0.00286616 
5.38246 69076.6 0.00286792 
5.37825 69024.4 0.00286968 
5.37406 68972.4 0.00287142 
5.3699 68920.7 0.00287317 
5.36576 68869.2 0.0028749 
5.36164 68818 0.00287663 
5.35755 68767 0.00287835 
5.35348 68716.2 0.00288007 
5.34943 68665.7 0.00288178 
5.3454 68615.3 0.00288349 
5.34139 68565.2 0.00288518 
5.33741 68515.4 0.00288688 
5.33344 68465.7 0.00288856 
5.3295 68416.3 0.00289024 
5.32558 68367 0.00289192 
5.32169 68318 0.00289359 
5.31781 68269.3 0.00289525 
5.31395 68220.7 0.0028969 
5.31012 68172.3 0.00289855 
5.3063 68124.2 0.0029002 
5.30251 68076.2 0.00290184 
5.29874 68028.5 0.00290347 
5.29499 67981 0.00290509 
5.29125 67933.6 0.00290671 
5.28754 67886.5 0.00290833 
5.28385 67839.6 0.00290994 
5.28018 67792.9 0.00291154 
5.27653 67746.3 0.00291314 
5.2729 67700 0.00291473 
5.26929 67653.9 0.00291631 
5.26569 67607.9 0.00291789 
5.26212 67562.2 0.00291946 
5.25857 67516.6 0.00292103 
5.25503 67471.2 0.00292259 
5.25152 67426 0.00292415 
5.24802 67381 0.0029257 
5.24455 67336.2 0.00292724 
5.24109 67291.6 0.00292878 
5.23765 67247.2 0.00293032 
5.23423 67202.9 0.00293184 
5.23083 67158.8 0.00293336 
5.22744 67114.9 0.00293488 
5.22408 67071.2 0.00293639 
5.22073 67027.6 0.00293789 
5.2174 66984.2 0.00293939 
5.21409 66941 0.00294088 
5.2108 66898 0.00294237 
5.20752 66855.1 0.00294385 
5.20426 66812.5 0.00294533 
5.20102 66769.9 0.0029468 
5.1978 66727.6 0.00294826 
5.1946 66685.4 0.00294972 
5.19141 66643.4 0.00295118 
5.18824 66601.5 0.00295262 
5.18509 66559.8 0.00295406 
5.18195 66518.3 0.0029555 
5.17884 66476.9 0.00295693 
5.17574 66435.7 0.00295836 
5.17265 66394.6 0.00295978 
5.16958 66353.8 0.00296119 
5.16653 66313 0.0029626 
5.1635 66272.4 0.002964 
5.16048 66232 0.0029654 
5.15748 66191.7 0.00296679 
5.1545 66151.6 0.00296818 
5.15153 66111.6 0.00296956 
5.14858 66071.8 0.00297093 
5.14564 66032.2 0.0029723 
5.14272 65992.6 0.00297366 
5.13982 65953.3 0.00297502 
5.13693 65914 0.00297638 
5.13406 65874.9 0.00297772 
5.1312 65836 0.00297907 
5.12836 65797.2 0.0029804 
5.12553 65758.6 0.00298173 
5.12273 65720.1 0.00298306 
5.11993 65681.7 0.00298438 
5.11715 65643.5 0.00298569 
5.11439 65605.4 0.002987 
5.11164 65567.4 0.00298831 
5.10891 65529.6 0.0029896 
5.10619 65491.9 0.0029909 
5.10349 65454.4 0.00299218 
5.1008 65417 0.00299347 
5.09813 65379.7 0.00299474 
5.09547 65342.6 0.00299601 
5.09283 65305.6 0.00299728 
5.0902 65268.7 0.00299854 
5.08759 65232 0.00299979 
5.08499 65195.4 0.00300104 
5.0824 65158.9 0.00300229 
5.07983 65122.5 0.00300353 
5.07728 65086.3 0.00300476 
5.07473 65050.2 0.00300599 
5.07221 65014.2 0.00300721 
5.06969 64978.4 0.00300843 
5.06719 64942.7 0.00300964 
5.06471 64907 0.00301085 
5.06224 64871.6 0.00301205 
5.05978 64836.2 0.00301325 
5.05734 64801 0.00301444 
5.05491 64765.9 0.00301562 
5.05249 64730.9 0.0030168 
5.05009 64696 0.00301798 
5.0477 64661.2 0.00301915 
5.04532 64626.6 0.00302031 
5.04296 64592.1 0.00302147 
5.04061 64557.7 0.00302262 
5.03828 64523.4 0.00302377 
5.03596 64489.2 0.00302492 
5.03365 64455.2 0.00302605 
5.03135 64421.2 0.00302719 
5.02907 64387.4 0.00302832 
5.0268 64353.7 0.00302944 
5.02455 64320 0.00303055 
5.0223 64286.6 0.00303167 
5.02007 64253.2 0.00303277 
5.01785 64219.9 0.00303388 
5.01565 64186.7 0.00303497 
5.01346 64153.7 0.00303606 
5.01128 64120.7 0.00303715 
5.00911 64087.9 0.00303823 
5.00696 64055.1 0.00303931 
5.00481 64022.5 0.00304038 
5.00268 63990 0.00304144 
5.00057 63957.5 0.0030425 
4.99846 63925.2 0.00304356 
4.99637 63893 0.00304461 
4.99429 63860.9 0.00304565 
4.99222 63828.9 0.00304669 
4.99016 63797 0.00304773 
4.98812 63765.2 0.00304876 
4.98609 63733.5 0.00304978 
4.98407 63701.9 0.0030508 
4.98206 63670.4 0.00305182 
4.98006 63639 0.00305282 
4.97808 63607.7 0.00305383 
4.9761 63576.5 0.00305483 
4.97414 63545.3 0.00305582 
4.97219 63514.3 0.00305681 
4.97025 63483.4 0.0030578 
4.96833 63452.6 0.00305878 
4.96641 63421.9 0.00305975 
4.96451 63391.2 0.00306072 
4.96262 63360.7 0.00306168 
4.96074 63330.3 0.00306264 
4.95887 63299.9 0.0030636 
4.95701 63269.6 0.00306455 
4.95516 63239.5 0.00306549 
4.95332 63209.4 0.00306643 
4.9515 63179.4 0.00306736 
4.94968 63149.5 0.00306829 
4.94788 63119.7 0.00306922 
4.94609 63090 0.00307014 
4.9443 63060.4 0.00307105 
4.94253 63030.9 0.00307196 
4.94077 63001.4 0.00307287 
4.93902 62972.1 0.00307377 
4.93729 62942.8 0.00307466 
4.93556 62913.6 0.00307555 
4.93384 62884.5 0.00307644 
4.93213 62855.5 0.00307732 
4.93044 62826.6 0.0030782 
4.92875 62797.7 0.00307907 
4.92707 62769 0.00307993 
4.92541 62740.3 0.00308079 
4.92375 62711.7 0.00308165 
4.92211 62683.2 0.0030825 
4.92047 62654.8 0.00308335 
4.91885 62626.5 0.00308419 
4.91724 62598.2 0.00308503 
4.91563 62570 0.00308586 
4.91404 62541.9 0.00308669 
4.91245 62513.9 0.00308751 
4.91088 62486 0.00308833 
4.90931 62458.1 0.00308915 
4.90776 62430.4 0.00308995 
4.90622 62402.7 0.00309076 
4.90468 62375.1 0.00309156 
4.90316 62347.5 0.00309235 
4.90164 62320.1 0.00309314 
4.90013 62292.7 0.00309393 
4.89864 62265.4 0.00309471 
4.89715 62238.2 0.00309549 
4.89567 62211 0.00309626 
4.89421 62183.9 0.00309702 
4.89275 62156.9 0.00309779 
4.8913 62130 0.00309854 
4.88986 62103.2 0.0030993 
4.88843 62076.4 0.00310005 
4.88701 62049.7 0.00310079 
4.88559 62023.1 0.00310153 
4.88419 61996.5 0.00310226 
4.8828 61970 0.00310299 
4.88141 61943.6 0.00310372 
4.88004 61917.3 0.00310444 
4.87867 61891 0.00310516 
4.87731 61864.8 0.00310587 
4.87596 61838.7 0.00310658 
4.87462 61812.7 0.00310728 
4.87329 61786.7 0.00310798 
4.87197 61760.8 0.00310867 
4.87066 61734.9 0.00310936 
4.86935 61709.2 0.00311005 
4.86806 61683.5 0.00311073 
4.86677 61657.8 0.00311141 
4.86549 61632.3 0.00311208 
4.86422 61606.8 0.00311275 
4.86296 61581.4 0.00311341 
4.8617 61556 0.00311407 
4.86046 61530.7 0.00311472 
4.85922 61505.5 0.00311537 
4.85799 61480.3 0.00311602 
4.85677 61455.2 0.00311666 
4.85556 61430.2 0.00311729 
4.85436 61405.2 0.00311793 
4.85316 61380.4 0.00311855 
4.85198 61355.5 0.00311918 
4.8508 61330.8 0.0031198 
4.84963 61306.1 0.00312041 
4.84846 61281.4 0.00312102 
4.84731 61256.8 0.00312163 
4.84616 61232.3 0.00312223 
4.84502 61207.9 0.00312283 
4.84389 61183.5 0.00312342 
4.84277 61159.2 0.00312401 
4.84165 61134.9 0.0031246 
4.84055 61110.7 0.00312518 
4.83945 61086.6 0.00312576 
4.83835 61062.5 0.00312633 
4.83727 61038.5 0.0031269 
4.83619 61014.6 0.00312746 
4.83512 60990.7 0.00312802 
4.83406 60966.8 0.00312858 
4.83301 60943.1 0.00312913 
4.83196 60919.4 0.00312968 
4.83092 60895.7 0.00313022 
4.82989 60872.1 0.00313076 
4.82887 60848.6 0.00313129 
4.82785 60825.1 0.00313183 
4.82684 60801.7 0.00313235 
4.82584 60778.3 0.00313288 
4.82484 60755 0.00313339 
4.82385 60731.8 0.00313391 
4.82287 60708.6 0.00313442 
4.8219 60685.5 0.00313493 
4.82093 60662.4 0.00313543 
4.81997 60639.4 0.00313593 
4.81902 60616.4 0.00313642 
4.81807 60593.5 0.00313691 
4.81713 60570.7 0.0031374 
4.8162 60547.9 0.00313788 
4.81528 60525.1 0.00313836 
4.81436 60502.5 0.00313883 
4.81345 60479.8 0.0031393 
4.81254 60457.3 0.00313977 
4.81165 60434.8 0.00314023 
4.81076 60412.3 0.00314069 
4.80987 60389.9 0.00314115 
4.80899 60367.5 0.0031416 
4.80812 60345.2 0.00314205 
4.80726 60323 0.00314249 
4.8064 60300.8 0.00314293 
4.80555 60278.6 0.00314336 
4.80471 60256.5 0.00314379 
4.80387 60234.5 0.00314422 
4.80304 60212.5 0.00314465 
4.80221 60190.6 0.00314507 
4.80139 60168.7 0.00314548 
4.80058 60146.9 0.00314589 
4.79977 60125.1 0.0031463 
4.79897 60103.3 0.00314671 
4.79818 60081.7 0.00314711 
4.79739 60060 0.00314751 
4.79661 60038.5 0.0031479 
4.79583 60016.9 0.00314829 
4.79506 59995.4 0.00314867 
4.7943 59974 0.00314906 
4.79354 59952.6 0.00314943 
4.79279 59931.3 0.00314981 
4.79205 59910 0.00315018 
4.79131 59888.8 0.00315055 
4.79057 59867.6 0.00315091 
4.78984 59846.5 0.00315127 
4.78912 59825.4 0.00315163 
4.78841 59804.3 0.00315198 
4.7877 59783.3 0.00315233 
4.78699 59762.4 0.00315267 
4.78629 59741.5 0.00315302 
4.7856 59720.6 0.00315335 
4.78491 59699.8 0.00315369 
4.78423 59679.1 0.00315402 
4.78356 59658.4 0.00315435 
4.78289 59637.7 0.00315467 
4.78222 59617.1 0.00315499 
4.78156 59596.5 0.00315531 
4.78091 59576 0.00315562 
4.78026 59555.5 0.00315593 
4.77962 59535.1 0.00315624 
4.77898 59514.7 0.00315654 
4.77835 59494.3 0.00315684 
4.77772 59474 0.00315713 
4.7771 59453.8 0.00315742 
4.77648 59433.5 0.00315771 
4.77587 59413.4 0.003158 
4.77526 59393.2 0.00315828 
4.77466 59373.2 0.00315856 
4.77407 59353.1 0.00315883 
4.77348 59333.1 0.0031591 
4.77289 59313.2 0.00315937 
4.77231 59293.3 0.00315963 
4.77174 59273.4 0.00315989 
4.77117 59253.6 0.00316015 
4.7706 59233.8 0.00316041 
4.77004 59214.1 0.00316066 
4.76949 59194.4 0.0031609 
4.76894 59174.7 0.00316115 
4.76839 59155.1 0.00316139 
4.76785 59135.5 0.00316162 
4.76732 59116 0.00316186 
4.76678 59096.5 0.00316209 
4.76626 59077.1 0.00316232 
4.76574 59057.7 0.00316254 
4.76522 59038.3 0.00316276 
4.76471 59019 0.00316298 
4.7642 58999.7 0.00316319 
4.7637 58980.5 0.0031634 
4.7632 58961.3 0.00316361 
4.76271 58942.1 0.00316381 
4.76222 58923 0.00316401 
4.76173 58903.9 0.00316421 
4.76126 58884.8 0.00316441 
4.76078 58865.8 0.0031646 
4.76031 58846.9 0.00316479 
4.75984 58828 0.00316497 
4.75938 58809.1 0.00316515 
4.75892 58790.2 0.00316533 
4.75847 58771.4 0.0031655 
4.75802 58752.6 0.00316568 
4.75758 58733.9 0.00316585 
4.75714 58715.2 0.00316601 
4.7567 58696.6 0.00316617 
4.75627 58677.9 0.00316633 
4.75584 58659.4 0.00316649 
4.75542 58640.8 0.00316664 
4.755 58622.3 0.00316679 
4.75458 58603.9 0.00316694 
4.75417 58585.4 0.00316708 
4.75377 58567 0.00316722 
4.75336 58548.7 0.00316736 
4.75296 58530.4 0.0031675 
4.75257 58512.1 0.00316763 
4.75218 58493.8 0.00316776 
4.75179 58475.6 0.00316788 
4.75141 58457.4 0.003168 
4.75103 58439.3 0.00316812 
4.75065 58421.2 0.00316824 
4.75028 58403.1 0.00316835 
4.74991 58385.1 0.00316846 
4.74955 58367.1 0.00316857 
4.74919 58349.2 0.00316867 
4.74884 58331.2 0.00316877 
4.74848 58313.3 0.00316887 
4.74813 58295.5 0.00316897 
4.74779 58277.7 0.00316906 
4.74745 58259.9 0.00316915 
4.74711 58242.1 0.00316924 
4.74678 58224.4 0.00316932 
4.74645 58206.7 0.0031694 
4.74612 58189.1 0.00316948 
4.7458 58171.5 0.00316955 
4.74548 58153.9 0.00316962 
4.74516 58136.4 0.00316969 
4.74485 58118.8 0.00316976 
4.74454 58101.4 0.00316982 
4.74423 58083.9 0.00316988 
4.74393 58066.5 0.00316994 
4.74363 58049.1 0.00317 
4.74334 58031.8 0.00317005 
4.74304 58014.5 0.0031701 
4.74275 57997.2 0.00317014 
4.74247 57979.9 0.00317019 
4.74219 57962.7 0.00317023 
4.74191 57945.5 0.00317026 
4.74163 57928.4 0.0031703 
4.74136 57911.3 0.00317033 
4.74109 57894.2 0.00317036 
4.74082 57877.1 0.00317039 
4.74056 57860.1 0.00317041 
4.7403 57843.1 0.00317043 
4.74004 57826.2 0.00317045 
4.73979 57809.2 0.00317047 
4.73954 57792.3 0.00317048 
4.73929 57775.5 0.00317049 
4.73905 57758.6 0.0031705 
4.73881 57741.8 0.0031705 
4.73857 57725.1 0.0031705 
4.73833 57708.3 0.0031705 
4.7381 57691.6 0.0031705 
4.73787 57674.9 0.00317049 
4.73764 57658.3 0.00317048 
4.73742 57641.7 0.00317047 
4.7372 57625.1 0.00317046 
4.73698 57608.5 0.00317044 
4.73677 57592 0.00317042 
4.73655 57575.5 0.0031704 
4.73634 57559 0.00317037 
4.73614 57542.6 0.00317035 
4.73593 57526.2 0.00317032 
4.73573 57509.8 0.00317029 
4.73553 57493.4 0.00317025 
4.73534 57477.1 0.00317021 
4.73514 57460.8 0.00317017 
4.73495 57444.6 0.00317013 
4.73477 57428.3 0.00317008 
4.73458 57412.1 0.00317004 
4.7344 57395.9 0.00316998 
4.73422 57379.8 0.00316993 
4.73404 57363.7 0.00316988 
4.73387 57347.6 0.00316982 
4.73369 57331.5 0.00316976 
4.73352 57315.5 0.00316969 
4.73336 57299.5 0.00316963 
4.73319 57283.5 0.00316956 
4.73303 57267.5 0.00316949 
4.73287 57251.6 0.00316941 
4.73271 57235.7 0.00316934 
4.73256 57219.8 0.00316926 
4.7324 57204 0.00316918 
4.73225 57188.2 0.0031691 
4.7321 57172.4 0.00316901 
4.73196 57156.6 0.00316892 
4.73181 57140.9 0.00316883 
4.73167 57125.2 0.00316874 
4.73153 57109.5 0.00316864 
4.7314 57093.9 0.00316855 
4.73126 57078.3 0.00316844 
4.73113 57062.7 0.00316834 
4.731 57047.1 0.00316824 
4.73087 57031.5 0.00316813 
4.73075 57016 0.00316802 
4.73062 57000.5 0.00316791 
4.7305 56985.1 0.00316779 
4.73038 56969.6 0.00316768 
4.73027 56954.2 0.00316756 
4.73015 56938.8 0.00316743 
4.73004 56923.5 0.00316731 
4.72993 56908.1 0.00316718 
4.72982 56892.8 0.00316705 
4.72971 56877.5 0.00316692 
4.72961 56862.3 0.00316679 
4.7295 56847 0.00316665 
4.7294 56831.8 0.00316652 
4.7293 56816.6 0.00316637 
4.72921 56801.5 0.00316623 
4.72911 56786.4 0.00316609 
4.72902 56771.2 0.00316594 
4.72893 56756.2 0.00316579 
4.72884 56741.1 0.00316564 
4.72875 56726.1 0.00316548 
4.72866 56711.1 0.00316533 
4.72858 56696.1 0.00316517 
4.7285 56681.1 0.00316501 
4.72842 56666.2 0.00316484 
4.72834 56651.3 0.00316468 
4.72826 56636.4 0.00316451 
4.72819 56621.5 0.00316434 
4.72811 56606.7 0.00316417 
4.72804 56591.9 0.00316399 
4.72797 56577.1 0.00316382 
4.7279 56562.3 0.00316364 
4.72784 56547.6 0.00316346 
4.72777 56532.8 0.00316327 
4.72771 56518.1 0.00316309 
4.72765 56503.5 0.0031629 
4.72759 56488.8 0.00316271 
4.72753 56474.2 0.00316252 
4.72747 56459.6 0.00316233 
4.72741 56445 0.00316213 
4.72736 56430.5 0.00316193 
4.72731 56415.9 0.00316173 
4.72726 56401.4 0.00316153 
4.72721 56386.9 0.00316132 
4.72716 56372.5 0.00316112 
4.72711 56358 0.00316091 
4.72707 56343.6 0.0031607 
4.72703 56329.2 0.00316048 
4.72698 56314.8 0.00316027 
4.72694 56300.5 0.00316005 
4.72691 56286.1 0.00315983 
4.72687 56271.8 0.00315961 
4.72683 56257.5 0.00315939 
4.7268 56243.3 0.00315916 
4.72676 56229 0.00315893 
4.72673 56214.8 0.0031587 
4.7267 56200.6 0.00315847 
4.72667 56186.5 0.00315824 
4.72664 56172.3 0.003158 
4.72662 56158.2 0.00315776 
4.72659 56144.1 0.00315752 
4.72657 56130 0.00315728 
4.72654 56115.9 0.00315704 
4.72652 56101.9 0.00315679 
4.7265 56087.8 0.00315654 
4.72648 56073.8 0.00315629 
4.72646 56059.8 0.00315604 
4.72645 56045.9 0.00315579 
4.72643 56031.9 0.00315553 
4.72642 56018 0.00315527 
4.7264 56004.1 0.00315501 
4.72639 55990.2 0.00315475 
4.72638 55976.4 0.00315449 
4.72637 55962.6 0.00315422 
4.72636 55948.7 0.00315395 
4.72635 55934.9 0.00315369 
4.72634 55921.2 0.00315341 
4.72634 55907.4 0.00315314 
4.72633 55893.7 0.00315286 
4.72633 55880 0.00315259 
4.72633 55866.3 0.00315231 
4.72632 55852.6 0.00315203 
4.72632 55839 0.00315174 
4.72632 55825.3 0.00315146 
4.72633 55811.7 0.00315117 
4.72633 55798.1 0.00315088 
4.72633 55784.6 0.00315059 
4.72634 55771 0.0031503 
4.72634 55757.5 0.00315001 
4.72635 55744 0.00314971 
4.72635 55730.5 0.00314941 
4.72636 55717 0.00314911 
4.72637 55703.5 0.00314881 
4.72638 55690.1 0.00314851 
4.72639 55676.7 0.0031482 
4.7264 55663.3 0.00314789 
4.72641 55649.9 0.00314758 
4.72643 55636.6 0.00314727 
4.72644 55623.2 0.00314696 
4.72645 55609.9 0.00314665 
4.72647 55596.6 0.00314633 
4.72649 55583.3 0.00314601 
4.7265 55570.1 0.00314569 
4.72652 55556.8 0.00314537 
4.72654 55543.6 0.00314505 
4.72656 55530.4 0.00314472 
4.72658 55517.2 0.00314439 
4.7266 55504 0.00314406 
4.72662 55490.9 0.00314373 
4.72664 55477.7 0.0031434 
4.72667 55464.6 0.00314307 
4.72669 55451.5 0.00314273 
4.72671 55438.5 0.00314239 
4.72674 55425.4 0.00314205 
4.72676 55412.4 0.00314171 
4.72679 55399.3 0.00314137 
4.72682 55386.3 0.00314103 
4.72684 55373.4 0.00314068 
4.72687 55360.4 0.00314033 
4.7269 55347.4 0.00313998 
4.72693 55334.5 0.00313963 
4.72696 55321.6 0.00313928 
4.72699 55308.7 0.00313892 
4.72702 55295.8 0.00313857 
4.72705 55283 0.00313821 
4.72708 55270.1 0.00313785 
4.72712 55257.3 0.00313749 
4.72715 55244.5 0.00313712 
4.72718 55231.7 0.00313676 
4.72722 55218.9 0.00313639 
4.72725 55206.2 0.00313603 
4.72729 55193.4 0.00313566 
4.72732 55180.7 0.00313528 
4.72736 55168 0.00313491 
4.7274 55155.3 0.00313454 
4.72743 55142.7 0.00313416 
4.72747 55130 0.00313378 
4.72751 55117.4 0.0031334 
4.72755 55104.7 0.00313302 
4.72758 55092.1 0.00313264 
4.72762 55079.6 0.00313226 
4.72766 55067 0.00313187 
4.7277 55054.4 0.00313148 
4.72774 55041.9 0.00313109 
4.72778 55029.4 0.0031307 
4.72783 55016.9 0.00313031 
4.72787 55004.4 0.00312992 
4.72791 54991.9 0.00312952 
4.72795 54979.5 0.00312913 
4.72799 54967.1 0.00312873 
4.72804 54954.6 0.00312833 
4.72808 54942.2 0.00312793 
4.72812 54929.8 0.00312752 
4.72817 54917.5 0.00312712 
4.72821 54905.1 0.00312671 
4.72825 54892.8 0.0031263 
4.7283 54880.5 0.0031259 
4.72834 54868.2 0.00312549 
4.72839 54855.9 0.00312507 
4.72843 54843.6 0.00312466 
4.72848 54831.3 0.00312424 
4.72852 54819.1 0.00312383 
4.72857 54806.9 0.00312341 
4.72862 54794.7 0.00312299 
4.72866 54782.5 0.00312257 
4.72871 54770.3 0.00312215 
4.72876 54758.1 0.00312172 
4.7288 54746 0.0031213 
4.72885 54733.8 0.00312087 
4.7289 54721.7 0.00312044 
4.72894 54709.6 0.00312001 
4.72899 54697.5 0.00311958 
4.72904 54685.5 0.00311915 
4.72909 54673.4 0.00311871 
4.72914 54661.4 0.00311828 
4.72918 54649.3 0.00311784 
4.72923 54637.3 0.0031174 
4.72928 54625.3 0.00311696 
4.72933 54613.4 0.00311652 
4.72938 54601.4 0.00311608 
4.72943 54589.4 0.00311564 
4.72947 54577.5 0.00311519 
4.72952 54565.6 0.00311474 
4.72957 54553.7 0.00311429 
4.72962 54541.8 0.00311385 
4.72967 54529.9 0.00311339 
4.72972 54518.1 0.00311294 
4.72977 54506.2 0.00311249 
4.72982 54494.4 0.00311203 
4.72987 54482.6 0.00311158 
4.72992 54470.8 0.00311112 
4.72997 54459 0.00311066 
4.73001 54447.2 0.0031102 
4.73006 54435.4 0.00310974 
4.73011 54423.7 0.00310927 
4.73016 54412 0.00310881 
4.73021 54400.3 0.00310834 
4.73026 54388.6 0.00310788 
4.73031 54376.9 0.00310741 
4.73036 54365.2 0.00310694 
4.73041 54353.5 0.00310647 
4.73046 54341.9 0.00310599 
4.73051 54330.3 0.00310552 
4.73055 54318.6 0.00310505 
4.7306 54307 0.00310457 
4.73065 54295.5 0.00310409 
4.7307 54283.9 0.00310361 
4.73075 54272.3 0.00310313 
4.7308 54260.8 0.00310265 
4.73085 54249.2 0.00310217 
4.7309 54237.7 0.00310168 
4.73094 54226.2 0.0031012 
4.73099 54214.7 0.00310071 
4.73104 54203.2 0.00310022 
4.73109 54191.8 0.00309974 
4.73113 54180.3 0.00309925 
4.73118 54168.9 0.00309875 
4.73123 54157.5 0.00309826 
4.73128 54146.1 0.00309777 
4.73132 54134.7 0.00309727 
4.73137 54123.3 0.00309678 
4.73142 54111.9 0.00309628 
4.73146 54100.6 0.00309578 
4.73151 54089.2 0.00309528 
4.73156 54077.9 0.00309478 
4.7316 54066.6 0.00309428 
4.73165 54055.3 0.00309377 
4.73169 54044 0.00309327 
4.73174 54032.7 0.00309276 
4.73179 54021.4 0.00309225 
4.73183 54010.2 0.00309175 
4.73188 53998.9 0.00309124 
4.73192 53987.7 0.00309073 
4.73196 53976.5 0.00309021 
4.73201 53965.3 0.0030897 
4.73205 53954.1 0.00308919 
4.7321 53942.9 0.00308867 
4.73214 53931.8 0.00308815 
4.73218 53920.6 0.00308764 
4.73223 53909.5 0.00308712 
4.73227 53898.4 0.0030866 
4.73231 53887.3 0.00308608 
4.73235 53876.2 0.00308556 
4.73239 53865.1 0.00308503 
4.73244 53854 0.00308451 
4.73248 53842.9 0.00308398 
4.73252 53831.9 0.00308346 
4.73256 53820.9 0.00308293 
4.7326 53809.8 0.0030824 
4.73264 53798.8 0.00308187 
4.73268 53787.8 0.00308134 
4.73272 53776.8 0.00308081 
4.73276 53765.9 0.00308027 
4.7328 53754.9 0.00307974 
4.73283 53744 0.0030792 
4.73287 53733 0.00307867 
4.73291 53722.1 0.00307813 
4.73295 53711.2 0.00307759 
4.73298 53700.3 0.00307705 
4.73302 53689.4 0.00307651 
4.73306 53678.5 0.00307597 
4.73309 53667.7 0.00307543 
4.73313 53656.8 0.00307488 
4.73316 53646 0.00307434 
4.7332 53635.1 0.00307379 
4.73323 53624.3 0.00307324 
4.73327 53613.5 0.0030727 
4.7333 53602.7 0.00307215 
4.73333 53591.9 0.0030716 
4.73337 53581.2 0.00307105 
4.7334 53570.4 0.00307049 
4.73343 53559.7 0.00306994 
4.73346 53548.9 0.00306939 
4.7335 53538.2 0.00306883 
4.73353 53527.5 0.00306828 
4.73356 53516.8 0.00306772 
4.73359 53506.1 0.00306716 
4.73362 53495.4 0.0030666 
4.73365 53484.8 0.00306604 
4.73367 53474.1 0.00306548 
4.7337 53463.5 0.00306492 
4.73373 53452.8 0.00306436 
4.73376 53442.2 0.00306379 
4.73379 53431.6 0.00306323 
4.73381 53421 0.00306266 
4.73384 53410.4 0.0030621 
4.73386 53399.9 0.00306153 
4.73389 53389.3 0.00306096 
4.73391 53378.7 0.00306039 
4.73394 53368.2 0.00305982 
4.73396 53357.7 0.00305925 
4.73398 53347.1 0.00305868 
4.73401 53336.6 0.0030581 
4.73403 53326.1 0.00305753 
4.73405 53315.7 0.00305696 
4.73407 53305.2 0.00305638 
4.73409 53294.7 0.0030558 
4.73411 53284.3 0.00305522 
4.73413 53273.8 0.00305465 
4.73415 53263.4 0.00305407 
4.73417 53253 0.00305349 
4.73419 53242.6 0.00305291 
4.73421 53232.2 0.00305232 
4.73423 53221.8 0.00305174 
4.73424 53211.4 0.00305116 
4.73426 53201 0.00305057 
4.73427 53190.7 0.00304999 
4.73429 53180.3 0.0030494 
4.7343 53170 0.00304881 
4.73432 53159.7 0.00304822 
4.73433 53149.4 0.00304764 
4.73434 53139.1 0.00304705 
4.73436 53128.8 0.00304645 
4.73437 53118.5 0.00304586 
4.73438 53108.2 0.00304527 
4.73439 53098 0.00304468 
4.7344 53087.7 0.00304408 
4.73441 53077.5 0.00304349 
4.73442 53067.2 0.00304289 
4.73443 53057 0.0030423 
4.73444 53046.8 0.0030417 
4.73444 53036.6 0.0030411 
4.73445 53026.4 0.0030405 
4.73446 53016.2 0.0030399 
4.73446 53006.1 0.0030393 
4.73447 52995.9 0.0030387 
4.73447 52985.8 0.0030381 
4.73448 52975.6 0.0030375 
4.73448 52965.5 0.00303689 
4.73448 52955.4 0.00303629 
4.73449 52945.3 0.00303568 
4.73449 52935.2 0.00303508 
4.73449 52925.1 0.00303447 
4.73449 52915 0.00303386 
4.73449 52905 0.00303325 
4.73449 52894.9 0.00303265 
4.73449 52884.8 0.00303204 
4.73448 52874.8 0.00303143 
4.73448 52864.8 0.00303081 
4.73448 52854.8 0.0030302 
4.73447 52844.8 0.00302959 
4.73447 52834.8 0.00302898 
4.73446 52824.8 0.00302836 
4.73446 52814.8 0.00302775 
4.73445 52804.8 0.00302713 
4.73445 52794.9 0.00302651 
4.73444 52784.9 0.0030259 
4.73443 52775 0.00302528 
4.73442 52765 0.00302466 
4.73441 52755.1 0.00302404 
4.7344 52745.2 0.00302342 
4.73439 52735.3 0.0030228 
4.73438 52725.4 0.00302218 
4.73437 52715.5 0.00302156 
4.73435 52705.7 0.00302094 
4.73434 52695.8 0.00302031 
4.73433 52685.9 0.00301969 
4.73431 52676.1 0.00301906 
4.7343 52666.3 0.00301844 
4.73428 52656.4 0.00301781 
4.73426 52646.6 0.00301719 
4.73425 52636.8 0.00301656 
4.73423 52627 0.00301593 
4.73421 52617.2 0.0030153 
4.73419 52607.5 0.00301467 
4.73417 52597.7 0.00301404 
4.73415 52587.9 0.00301341 
4.73413 52578.2 0.00301278 
4.73411 52568.4 0.00301215 
4.73408 52558.7 0.00301152 
4.73406 52549 0.00301088 
4.73404 52539.3 0.00301025 
4.73401 52529.5 0.00300962 
4.73399 52519.9 0.00300898 
4.73396 52510.2 0.00300835 
4.73393 52500.5 0.00300771 
4.73391 52490.8 0.00300707 
4.73388 52481.2 0.00300644 
4.73385 52471.5 0.0030058 
4.73382 52461.9 0.00300516 
4.73379 52452.2 0.00300452 
4.73376 52442.6 0.00300388 
4.73373 52433 0.00300324 
4.73369 52423.4 0.0030026 
4.73366 52413.8 0.00300196 
4.73363 52404.2 0.00300132 
4.73359 52394.6 0.00300067 
4.73356 52385 0.00300003 
4.73352 52375.5 0.00299939 
4.73348 52365.9 0.00299874 
4.73345 52356.4 0.0029981 
4.73341 52346.8 0.00299745 
4.73337 52337.3 0.00299681 
4.73333 52327.8 0.00299616 
4.73329 52318.3 0.00299551 
4.73325 52308.8 0.00299486 
4.73321 52299.3 0.00299422 
4.73316 52289.8 0.00299357 
4.73312 52280.3 0.00299292 
4.73308 52270.8 0.00299227 
4.73303 52261.4 0.00299162 
4.73299 52251.9 0.00299097 
4.73294 52242.5 0.00299032 
4.7329 52233.1 0.00298966 
4.73285 52223.6 0.00298901 
4.7328 52214.2 0.00298836 
4.73275 52204.8 0.00298771 
4.7327 52195.4 0.00298705 
4.73265 52186 0.0029864 
4.7326 52176.6 0.00298574 
4.73255 52167.3 0.00298509 
4.7325 52157.9 0.00298443 
4.73244 52148.5 0.00298378 
4.73239 52139.2 0.00298312 
4.73233 52129.8 0.00298246 
4.73228 52120.5 0.0029818 
4.73222 52111.2 0.00298115 
4.73216 52101.9 0.00298049 
4.73211 52092.5 0.00297983 
4.73205 52083.2 0.00297917 
4.73199 52074 0.00297851 
4.73193 52064.7 0.00297785 
4.73187 52055.4 0.00297719 
4.73181 52046.1 0.00297652 
4.73174 52036.9 0.00297586 
4.73168 52027.6 0.0029752 
4.73162 52018.4 0.00297454 
4.73155 52009.1 0.00297387 
4.73149 51999.9 0.00297321 
4.73142 51990.7 0.00297255 
4.73135 51981.5 0.00297188 
4.73129 51972.3 0.00297122 
4.73122 51963.1 0.00297055 
4.73115 51953.9 0.00296989 
4.73108 51944.7 0.00296922 
4.73101 51935.5 0.00296855 
4.73094 51926.4 0.00296789 
4.73086 51917.2 0.00296722 
4.73079 51908 0.00296655 
4.73072 51898.9 0.00296588 
4.73064 51889.8 0.00296522 
4.73057 51880.6 0.00296455 
4.73049 51871.5 0.00296388 
4.73042 51862.4 0.00296321 
4.73034 51853.3 0.00296254 
4.73026 51844.2 0.00296187 
4.73018 51835.1 0.0029612 
4.7301 51826 0.00296052 
4.73002 51817 0.00295985 
4.72994 51807.9 0.00295918 
4.72986 51798.8 0.00295851 
4.72977 51789.8 0.00295784 
4.72969 51780.8 0.00295716 
4.72961 51771.7 0.00295649 
4.72952 51762.7 0.00295582 
4.72943 51753.7 0.00295514 
4.72935 51744.7 0.00295447 
4.72926 51735.7 0.00295379 
4.72917 51726.7 0.00295312 
4.72908 51717.7 0.00295244 
4.72899 51708.7 0.00295177 
4.7289 51699.7 0.00295109 
4.72881 51690.7 0.00295041 
4.72872 51681.8 0.00294974 
4.72862 51672.8 0.00294906 
4.72853 51663.9 0.00294838 
4.72844 51655 0.0029477 
4.72834 51646 0.00294703 
4.72825 51637.1 0.00294635 
4.72815 51628.2 0.00294567 
4.72805 51619.3 0.00294499 
4.72795 51610.4 0.00294431 
4.72785 51601.5 0.00294363 
4.72775 51592.6 0.00294295 
4.72765 51583.7 0.00294227 
4.72755 51574.8 0.00294159 
4.72745 51566 0.00294091 
4.72734 51557.1 0.00294023 
4.72724 51548.3 0.00293955 
4.72714 51539.4 0.00293887 
4.72703 51530.6 0.00293819 
4.72692 51521.8 0.0029375 
4.72682 51512.9 0.00293682 
4.72671 51504.1 0.00293614 
4.7266 51495.3 0.00293545 
4.72649 51486.5 0.00293477 
4.72638 51477.7 0.00293409 
4.72627 51468.9 0.0029334 
4.72616 51460.2 0.00293272 
4.72604 51451.4 0.00293204 
4.72593 51442.6 0.00293135 
4.72582 51433.9 0.00293067 
4.7257 51425.1 0.00292998 
4.72559 51416.4 0.0029293 
4.72547 51407.6 0.00292861 
4.72535 51398.9 0.00292793 
4.72523 51390.2 0.00292724 
4.72511 51381.4 0.00292655 
4.725 51372.7 0.00292587 
4.72487 51364 0.00292518 
4.72475 51355.3 0.00292449 
4.72463 51346.6 0.00292381 
4.72451 51338 0.00292312 
4.72438 51329.3 0.00292243 
4.72426 51320.6 0.00292175 
4.72413 51312 0.00292106 
4.72401 51303.3 0.00292037 
4.72388 51294.7 0.00291968 
4.72375 51286 0.00291899 
4.72363 51277.4 0.0029183 
4.7235 51268.7 0.00291762 
4.72337 51260.1 0.00291693 
4.72324 51251.5 0.00291624 
4.7231 51242.9 0.00291555 
4.72297 51234.3 0.00291486 
4.72284 51225.7 0.00291417 
4.7227 51217.1 0.00291348 
4.72257 51208.5 0.00291279 
4.72243 51200 0.0029121 
4.7223 51191.4 0.00291141 
4.72216 51182.8 0.00291072 
4.72202 51174.3 0.00291003 
4.72188 51165.7 0.00290934 
4.72174 51157.2 0.00290864 
4.7216 51148.6 0.00290795 
4.72146 51140.1 0.00290726 
4.72132 51131.6 0.00290657 
4.72118 51123.1 0.00290588 
4.72104 51114.6 0.00290519 
4.72089 51106.1 0.00290449 
4.72075 51097.6 0.0029038 
4.7206 51089.1 0.00290311 
4.72045 51080.6 0.00290242 
4.72031 51072.1 0.00290173 
4.72016 51063.6 0.00290103 
4.72001 51055.2 0.00290034 
4.71986 51046.7 0.00289965 
4.71971 51038.2 0.00289895 
4.71956 51029.8 0.00289826 
4.71941 51021.4 0.00289757 
4.71925 51012.9 0.00289687 
4.7191 51004.5 0.00289618 
4.71894 50996.1 0.00289549 
4.71879 50987.7 0.00289479 
4.71863 50979.3 0.0028941 
4.71848 50970.9 0.00289341 
4.71832 50962.5 0.00289271 
4.71816 50954.1 0.00289202 
4.718 50945.7 0.00289132 
4.71784 50937.3 0.00289063 
4.71768 50928.9 0.00288993 
4.71752 50920.6 0.00288924 
4.71736 50912.2 0.00288855 
4.71719 50903.9 0.00288785 
4.71703 50895.5 0.00288716 
4.71686 50887.2 0.00288646 
4.7167 50878.8 0.00288577 
4.71653 50870.5 0.00288507 
4.71637 50862.2 0.00288438 
4.7162 50853.9 0.00288368 
4.71603 50845.6 0.00288299 
4.71586 50837.3 0.00288229 
4.71569 50829 0.0028816 
4.71552 50820.7 0.0028809 
4.71535 50812.4 0.00288021 
4.71517 50804.1 0.00287951 
4.715 50795.8 0.00287881 
4.71483 50787.6 0.00287812 
4.71465 50779.3 0.00287742 
4.71448 50771 0.00287673 
4.7143 50762.8 0.00287603 
4.71412 50754.5 0.00287534 
4.71394 50746.3 0.00287464 
4.71377 50738.1 0.00287394 
4.71359 50729.8 0.00287325 
4.71341 50721.6 0.00287255 
4.71323 50713.4 0.00287186 
4.71304 50705.2 0.00287116 
4.71286 50697 0.00287046 
4.71268 50688.8 0.00286977 
4.71249 50680.6 0.00286907 
4.71231 50672.4 0.00286838 
4.71212 50664.2 0.00286768 
4.71194 50656.1 0.00286698 
4.71175 50647.9 0.00286629 
4.71156 50639.7 0.00286559 
4.71137 50631.6 0.0028649 
4.71118 50623.4 0.0028642 
4.71099 50615.3 0.0028635 
4.7108 50607.1 0.00286281 
4.71061 50599 0.00286211 
4.71042 50590.9 0.00286142 
4.71022 50582.8 0.00286072 
4.71003 50574.6 0.00286002 
4.70983 50566.5 0.00285933 
4.70964 50558.4 0.00285863 
4.70944 50550.3 0.00285794 
4.70924 50542.2 0.00285724 
4.70905 50534.1 0.00285654 
4.70885 50526.1 0.00285585 
4.70865 50518 0.00285515 
4.70845 50509.9 0.00285446 
4.70825 50501.8 0.00285376 
4.70805 50493.8 0.00285306 
4.70784 50485.7 0.00285237 
4.70764 50477.7 0.00285167 
4.70744 50469.6 0.00285098 
4.70723 50461.6 0.00285028 
4.70702 50453.6 0.00284959 
4.70682 50445.5 0.00284889 
4.70661 50437.5 0.00284819 
4.7064 50429.5 0.0028475 
4.7062 50421.5 0.0028468 
4.70599 50413.5 0.00284611 
4.70578 50405.5 0.00284541 
4.70556 50397.5 0.00284472 
4.70535 50389.5 0.00284402 
4.70514 50381.5 0.00284333 
4.70493 50373.5 0.00284263 
4.70471 50365.6 0.00284194 
4.7045 50357.6 0.00284124 
4.70428 50349.6 0.00284055 
4.70407 50341.7 0.00283985 
4.70385 50333.7 0.00283916 
4.70363 50325.8 0.00283846 
4.70341 50317.9 0.00283777 
4.7032 50309.9 0.00283707 
4.70298 50302 0.00283638 
4.70275 50294.1 0.00283568 
4.70253 50286.1 0.00283499 
4.70231 50278.2 0.00283429 
4.70209 50270.3 0.0028336 
4.70186 50262.4 0.00283291 
4.70164 50254.5 0.00283221 
4.70142 50246.6 0.00283152 
4.70119 50238.7 0.00283082 
4.70096 50230.9 0.00283013 
4.70074 50223 0.00282944 
4.70051 50215.1 0.00282874 
4.70028 50207.2 0.00282805 
4.70005 50199.4 0.00282736 
4.69982 50191.5 0.00282666 
4.69959 50183.7 0.00282597 
4.69936 50175.8 0.00282528 
4.69912 50168 0.00282458 
4.69889 50160.2 0.00282389 
4.69866 50152.3 0.0028232 
4.69842 50144.5 0.00282251 
4.69819 50136.7 0.00282181 
4.69795 50128.9 0.00282112 
4.69771 50121.1 0.00282043 
4.69748 50113.3 0.00281974 
4.69724 50105.5 0.00281905 
4.697 50097.7 0.00281835 
4.69676 50089.9 0.00281766 
4.69652 50082.1 0.00281697 
4.69628 50074.3 0.00281628 
4.69604 50066.5 0.00281559 
4.69579 50058.8 0.0028149 
4.69555 50051 0.00281421 
4.69531 50043.3 0.00281351 
4.69506 50035.5 0.00281282 
4.69482 50027.8 0.00281213 
4.69457 50020 0.00281144 
4.69432 50012.3 0.00281075 
4.69407 50004.5 0.00281006 
4.69383 49996.8 0.00280937 
4.69358 49989.1 0.00280868 
4.69333 49981.4 0.00280799 
4.69308 49973.7 0.0028073 
4.69283 49965.9 0.00280661 
4.69257 49958.2 0.00280592 
4.69232 49950.5 0.00280524 
4.69207 49942.8 0.00280455 
4.69181 49935.2 0.00280386 
4.69156 49927.5 0.00280317 
4.6913 49919.8 0.00280248 
4.69105 49912.1 0.00280179 
4.69079 49904.5 0.0028011 
4.69053 49896.8 0.00280042 
4.69027 49889.1 0.00279973 
4.69001 49881.5 0.00279904 
4.68976 49873.8 0.00279835 
4.68949 49866.2 0.00279767 
4.68923 49858.5 0.00279698 
4.68897 49850.9 0.00279629 
4.68871 49843.3 0.00279561 
4.68845 49835.6 0.00279492 
4.68818 49828 0.00279423 
4.68792 49820.4 0.00279355 
4.68765 49812.8 0.00279286 
4.68739 49805.2 0.00279218 
4.68712 49797.6 0.00279149 
4.68685 49790 0.0027908 
4.68658 49782.4 0.00279012 
4.68632 49774.8 0.00278943 
4.68605 49767.2 0.00278875 
4.68578 49759.7 0.00278807 
4.6855 49752.1 0.00278738 
4.68523 49744.5 0.0027867 
4.68496 49736.9 0.00278601 
4.68469 49729.4 0.00278533 
4.68441 49721.8 0.00278465 
4.68414 49714.3 0.00278396 
4.68387 49706.7 0.00278328 
4.68359 49699.2 0.0027826 
4.68331 49691.7 0.00278191 
4.68304 49684.1 0.00278123 
4.68276 49676.6 0.00278055 
4.68248 49669.1 0.00277987 
4.6822 49661.6 0.00277919 
4.68192 49654 0.0027785 
4.68164 49646.5 0.00277782 
4.68136 49639 0.00277714 
4.68108 49631.5 0.00277646 
4.6808 49624 0.00277578 
4.68051 49616.5 0.0027751 
4.68023 49609.1 0.00277442 
4.67995 49601.6 0.00277374 
4.67966 49594.1 0.00277306 
4.67937 49586.6 0.00277238 
4.67909 49579.2 0.0027717 
4.6788 49571.7 0.00277102 
4.67851 49564.2 0.00277034 
4.67822 49556.8 0.00276966 
4.67794 49549.3 0.00276899 
4.67765 49541.9 0.00276831 
4.67736 49534.5 0.00276763 
4.67706 49527 0.00276695 
4.67677 49519.6 0.00276628 
4.67648 49512.2 0.0027656 
4.67619 49504.7 0.00276492 
4.67589 49497.3 0.00276425 
4.6756 49489.9 0.00276357 
4.6753 49482.5 0.00276289 
4.67501 49475.1 0.00276222 
4.67471 49467.7 0.00276154 
4.67442 49460.3 0.00276087 
4.67412 49452.9 0.00276019 
4.67382 49445.5 0.00275952 
4.67352 49438.1 0.00275884 
4.67322 49430.8 0.00275817 
4.67292 49423.4 0.00275749 
4.67262 49416 0.00275682 
4.67232 49408.6 0.00275615 
4.67202 49401.3 0.00275547 
4.67171 49393.9 0.0027548 
4.67141 49386.6 0.00275413 
4.67111 49379.2 0.00275346 
4.6708 49371.9 0.00275278 
4.6705 49364.5 0.00275211 
4.67019 49357.2 0.00275144 
4.66988 49349.9 0.00275077 
4.66958 49342.6 0.0027501 
4.66927 49335.2 0.00274943 
4.66896 49327.9 0.00274876 
4.66865 49320.6 0.00274809 
4.66834 49313.3 0.00274742 
4.66803 49306 0.00274675 
4.66772 49298.7 0.00274608 
4.66741 49291.4 0.00274541 
4.6671 49284.1 0.00274474 
4.66678 49276.8 0.00274407 
4.66647 49269.5 0.0027434 
4.66616 49262.2 0.00274274 
4.66584 49255 0.00274207 
4.66553 49247.7 0.0027414 
4.66521 49240.4 0.00274073 
4.66489 49233.2 0.00274007 
4.66458 49225.9 0.0027394 
4.66426 49218.7 0.00273874 
4.66394 49211.4 0.00273807 
4.66362 49204.2 0.0027374 
4.6633 49196.9 0.00273674 
4.66298 49189.7 0.00273607 
4.66266 49182.4 0.00273541 
4.66234 49175.2 0.00273475 
4.66202 49168 0.00273408 
4.6617 49160.8 0.00273342 
4.66137 49153.5 0.00273276 
4.66105 49146.3 0.00273209 
4.66072 49139.1 0.00273143 
4.6604 49131.9 0.00273077 
4.66007 49124.7 0.00273011 
4.65975 49117.5 0.00272944 
4.65942 49110.3 0.00272878 
4.65909 49103.1 0.00272812 
4.65876 49096 0.00272746 
4.65844 49088.8 0.0027268 
4.65811 49081.6 0.00272614 
4.65778 49074.4 0.00272548 
4.65745 49067.3 0.00272482 
4.65711 49060.1 0.00272416 
4.65678 49052.9 0.0027235 
4.65645 49045.8 0.00272284 
4.65612 49038.6 0.00272219 
4.65578 49031.5 0.00272153 
4.65545 49024.3 0.00272087 
4.65512 49017.2 0.00272021 
4.65478 49010.1 0.00271956 
4.65444 49002.9 0.0027189 
4.65411 48995.8 0.00271824 
4.65377 48988.7 0.00271759 
4.65343 48981.6 0.00271693 
4.6531 48974.4 0.00271628 
4.65276 48967.3 0.00271562 
4.65242 48960.2 0.00271497 
4.65208 48953.1 0.00271431 
4.65174 48946 0.00271366 
4.6514 48938.9 0.00271301 
4.65105 48931.8 0.00271235 
4.65071 48924.7 0.0027117 
4.65037 48917.6 0.00271105 
4.65003 48910.6 0.0027104 
4.64968 48903.5 0.00270974 
4.64934 48896.4 0.00270909 
4.64899 48889.3 0.00270844 
4.64865 48882.3 0.00270779 
4.6483 48875.2 0.00270714 
4.64795 48868.2 0.00270649 
4.64761 48861.1 0.00270584 
4.64726 48854.1 0.00270519 
4.64691 48847 0.00270454 
4.64656 48840 0.00270389 
4.64621 48832.9 0.00270325 
4.64586 48825.9 0.0027026 
4.64551 48818.9 0.00270195 
4.64516 48811.8 0.0027013 
4.64481 48804.8 0.00270066 
4.64446 48797.8 0.00270001 
4.6441 48790.8 0.00269936 
4.64375 48783.8 0.00269872 
4.6434 48776.8 0.00269807 
4.64304 48769.8 0.00269743 
4.64269 48762.8 0.00269678 
4.64233 48755.8 0.00269614 
4.64198 48748.8 0.0026955 
4.64162 48741.8 0.00269485 
4.64126 48734.8 0.00269421 
4.6409 48727.8 0.00269357 
4.64055 48720.8 0.00269292 
4.64019 48713.9 0.00269228 
4.63983 48706.9 0.00269164 
4.63947 48699.9 0.002691 
4.63911 48693 0.00269036 
4.63875 48686 0.00268972 
4.63839 48679 0.00268908 
4.63802 48672.1 0.00268844 
4.63766 48665.1 0.0026878 
4.6373 48658.2 0.00268716 
4.63693 48651.3 0.00268652 
4.63657 48644.3 0.00268588 
4.63621 48637.4 0.00268524 
4.63584 48630.5 0.00268461 
4.63547 48623.5 0.00268397 
4.63511 48616.6 0.00268333 
4.63474 48609.7 0.0026827 
4.63437 48602.8 0.00268206 
4.63401 48595.9 0.00268142 
4.63364 48589 0.00268079 
4.63327 48582 0.00268015 
4.6329 48575.1 0.00267952 
4.63253 48568.2 0.00267889 
4.63216 48561.4 0.00267825 
4.63179 48554.5 0.00267762 
4.63142 48547.6 0.00267699 
4.63105 48540.7 0.00267635 
4.63067 48533.8 0.00267572 
4.6303 48526.9 0.00267509 
4.62993 48520.1 0.00267446 
4.62955 48513.2 0.00267383 
4.62918 48506.3 0.0026732 
4.6288 48499.5 0.00267257 
4.62843 48492.6 0.00267194 
4.62805 48485.8 0.00267131 
4.62767 48478.9 0.00267068 
4.6273 48472.1 0.00267005 
4.62692 48465.2 0.00266942 
4.62654 48458.4 0.00266879 
4.62616 48451.6 0.00266817 
4.62578 48444.7 0.00266754 
4.62541 48437.9 0.00266691 
4.62503 48431.1 0.00266629 
4.62464 48424.2 0.00266566 
4.62426 48417.4 0.00266503 
4.62388 48410.6 0.00266441 
4.6235 48403.8 0.00266378 
4.62312 48397 0.00266316 
4.62273 48390.2 0.00266254 
4.62235 48383.4 0.00266191 
4.62197 48376.6 0.00266129 
4.62158 48369.8 0.00266067 
4.6212 48363 0.00266005 
4.62081 48356.2 0.00265942 
4.62043 48349.4 0.0026588 
4.62004 48342.6 0.00265818 
4.61965 48335.9 0.00265756 
4.61927 48329.1 0.00265694 
4.61888 48322.3 0.00265632 
4.61849 48315.6 0.0026557 
4.6181 48308.8 0.00265508 
4.61771 48302 0.00265446 
4.61732 48295.3 0.00265385 
4.61693 48288.5 0.00265323 
4.61654 48281.8 0.00265261 
4.61615 48275 0.00265199 
4.61576 48268.3 0.00265138 
4.61537 48261.6 0.00265076 
4.61498 48254.8 0.00265015 
4.61458 48248.1 0.00264953 
4.61419 48241.4 0.00264892 
4.6138 48234.6 0.0026483 
4.6134 48227.9 0.00264769 
4.61301 48221.2 0.00264707 
4.61261 48214.5 0.00264646 
4.61222 48207.8 0.00264585 
4.61182 48201.1 0.00264524 
4.61142 48194.3 0.00264463 
4.61103 48187.6 0.00264401 
4.61063 48180.9 0.0026434 
4.61023 48174.3 0.00264279 
4.60983 48167.6 0.00264218 
4.60943 48160.9 0.00264157 
4.60903 48154.2 0.00264096 
4.60863 48147.5 0.00264035 
4.60823 48140.8 0.00263975 
4.60783 48134.1 0.00263914 
4.60743 48127.5 0.00263853 
4.60703 48120.8 0.00263792 
4.60663 48114.1 0.00263732 
4.60623 48107.5 0.00263671 
4.60582 48100.8 0.0026361 
4.60542 48094.2 0.0026355 
4.60502 48087.5 0.00263489 
4.60461 48080.9 0.00263429 
4.60421 48074.2 0.00263368 
4.6038 48067.6 0.00263308 
4.6034 48060.9 0.00263248 
4.60299 48054.3 0.00263187 
4.60259 48047.7 0.00263127 
4.60218 48041 0.00263067 
4.60177 48034.4 0.00263007 
4.60136 48027.8 0.00262947 
4.60096 48021.2 0.00262887 
4.60055 48014.5 0.00262827 
4.60014 48007.9 0.00262767 
4.59973 48001.3 0.00262707 
4.59932 47994.7 0.00262647 
4.59891 47988.1 0.00262587 
4.5985 47981.5 0.00262527 
4.59809 47974.9 0.00262467 
4.59768 47968.3 0.00262408 
4.59726 47961.7 0.00262348 
4.59685 47955.1 0.00262288 
4.59644 47948.6 0.00262229 
4.59603 47942 0.00262169 
4.59561 47935.4 0.0026211 
4.5952 47928.8 0.0026205 
4.59478 47922.2 0.00261991 
4.59437 47915.7 0.00261931 
4.59395 47909.1 0.00261872 
4.59354 47902.6 0.00261813 
4.59312 47896 0.00261754 
4.59271 47889.4 0.00261694 
4.59229 47882.9 0.00261635 
4.59187 47876.3 0.00261576 
4.59145 47869.8 0.00261517 
4.59104 47863.2 0.00261458 
4.59062 47856.7 0.00261399 
4.5902 47850.2 0.0026134 
4.58978 47843.6 0.00261281 
4.58936 47837.1 0.00261222 
4.58894 47830.6 0.00261164 
4.58852 47824 0.00261105 
4.5881 47817.5 0.00261046 
4.58768 47811 0.00260987 
4.58726 47804.5 0.00260929 
4.58684 47798 0.0026087 
4.58641 47791.5 0.00260812 
4.58599 47785 0.00260753 
4.58557 47778.5 0.00260695 
4.58514 47772 0.00260636 
4.58472 47765.5 0.00260578 
4.5843 47759 0.0026052 
4.58387 47752.5 0.00260461 
4.58345 47746 0.00260403 
4.58302 47739.5 0.00260345 
4.5826 47733 0.00260287 
4.58217 47726.5 0.00260229 
4.58174 47720.1 0.00260171 
4.58132 47713.6 0.00260113 
4.58089 47707.1 0.00260055 
4.58046 47700.6 0.00259997 
4.58003 47694.2 0.00259939 
4.5796 47687.7 0.00259881 
4.57918 47681.3 0.00259823 
4.57875 47674.8 0.00259766 
4.57832 47668.4 0.00259708 
4.57789 47661.9 0.0025965 
4.57746 47655.5 0.00259593 
4.57703 47649 0.00259535 
4.5766 47642.6 0.00259478 
4.57616 47636.1 0.0025942 
4.57573 47629.7 0.00259363 
4.5753 47623.3 0.00259305 
4.57487 47616.8 0.00259248 
4.57443 47610.4 0.00259191 
4.574 47604 0.00259134 
4.57357 47597.6 0.00259076 
4.57313 47591.2 0.00259019 
4.5727 47584.7 0.00258962 
4.57227 47578.3 0.00258905 
4.57183 47571.9 0.00258848 
4.5714 47565.5 0.00258791 
4.57096 47559.1 0.00258734 
4.57052 47552.7 0.00258677 
4.57009 47546.3 0.00258621 
4.56965 47539.9 0.00258564 
4.56921 47533.5 0.00258507 
4.56878 47527.2 0.0025845 
4.56834 47520.8 0.00258394 
4.5679 47514.4 0.00258337 
4.56746 47508 0.00258281 
4.56702 47501.6 0.00258224 
4.56658 47495.3 0.00258168 
4.56615 47488.9 0.00258111 
4.56571 47482.5 0.00258055 
4.56527 47476.2 0.00257998 
4.56483 47469.8 0.00257942 
4.56438 47463.5 0.00257886 
4.56394 47457.1 0.0025783 
4.5635 47450.7 0.00257774 
4.56306 47444.4 0.00257718 
4.56262 47438 0.00257661 
4.56218 47431.7 0.00257605 
4.56173 47425.4 0.00257549 
4.56129 47419 0.00257494 
4.56085 47412.7 0.00257438 
4.5604 47406.4 0.00257382 
4.55996 47400 0.00257326 
4.55951 47393.7 0.0025727 
4.55907 47387.4 0.00257215 
4.55863 47381.1 0.00257159 
4.55818 47374.7 0.00257103 
4.55773 47368.4 0.00257048 
4.55729 47362.1 0.00256992 
4.55684 47355.8 0.00256937 
4.5564 47349.5 0.00256882 
4.55595 47343.2 0.00256826 
4.5555 47336.9 0.00256771 
4.55505 47330.6 0.00256716 
4.55461 47324.3 0.0025666 
4.55416 47318 0.00256605 
4.55371 47311.7 0.0025655 
4.55326 47305.4 0.00256495 
4.55281 47299.1 0.0025644 
4.55236 47292.9 0.00256385 
4.55191 47286.6 0.0025633 
4.55146 47280.3 0.00256275 
4.55101 47274 0.0025622 
4.55056 47267.8 0.00256165 
4.55011 47261.5 0.00256111 
4.54966 47255.2 0.00256056 
4.54921 47249 0.00256001 
4.54876 47242.7 0.00255947 
4.5483 47236.4 0.00255892 
4.54785 47230.2 0.00255837 
4.5474 47223.9 0.00255783 
4.54695 47217.7 0.00255728 
4.54649 47211.4 0.00255674 
4.54604 47205.2 0.0025562 
4.54558 47199 0.00255565 
4.54513 47192.7 0.00255511 
4.54468 47186.5 0.00255457 
4.54422 47180.3 0.00255403 
4.54377 47174 0.00255349 
4.54331 47167.8 0.00255295 
4.54286 47161.6 0.00255241 
4.5424 47155.4 0.00255187 
4.54194 47149.1 0.00255133 
4.54149 47142.9 0.00255079 
4.54103 47136.7 0.00255025 
4.54057 47130.5 0.00254971 
4.54012 47124.3 0.00254917 
4.53966 47118.1 0.00254864 
4.5392 47111.9 0.0025481 
4.53874 47105.7 0.00254756 
4.53828 47099.5 0.00254703 
4.53783 47093.3 0.00254649 
4.53737 47087.1 0.00254596 
4.53691 47080.9 0.00254542 
4.53645 47074.7 0.00254489 
4.53599 47068.5 0.00254436 
4.53553 47062.4 0.00254382 
4.53507 47056.2 0.00254329 
4.53461 47050 0.00254276 
4.53415 47043.8 0.00254223 
4.53368 47037.7 0.0025417 
4.53322 47031.5 0.00254116 
4.53276 47025.3 0.00254063 
4.5323 47019.2 0.0025401 
4.53184 47013 0.00253958 
4.53138 47006.9 0.00253905 
4.53091 47000.7 0.00253852 
4.53045 46994.5 0.00253799 
4.52999 46988.4 0.00253746 
4.52952 46982.2 0.00253694 
4.52906 46976.1 0.00253641 
4.5286 46970 0.00253588 
4.52813 46963.8 0.00253536 
4.52767 46957.7 0.00253483 
4.5272 46951.6 0.00253431 
4.52674 46945.4 0.00253378 
4.52627 46939.3 0.00253326 
4.52581 46933.2 0.00253274 
4.52534 46927 0.00253221 
4.52487 46920.9 0.00253169 
4.52441 46914.8 0.00253117 
4.52394 46908.7 0.00253065 
4.52347 46902.6 0.00253013 
4.52301 46896.5 0.00252961 
4.52254 46890.4 0.00252909 
4.52207 46884.3 0.00252857 
4.52161 46878.1 0.00252805 
4.52114 46872 0.00252753 
4.52067 46866 0.00252701 
4.5202 46859.9 0.00252649 
4.51973 46853.8 0.00252597 
4.51926 46847.7 0.00252546 
4.51879 46841.6 0.00252494 
4.51833 46835.5 0.00252443 
4.51786 46829.4 0.00252391 
4.51739 46823.3 0.0025234 
4.51692 46817.3 0.00252288 
4.51645 46811.2 0.00252237 
4.51597 46805.1 0.00252185 
4.5155 46799 0.00252134 
4.51503 46793 0.00252083 
4.51456 46786.9 0.00252031 
4.51409 46780.9 0.0025198 
4.51362 46774.8 0.00251929 
4.51315 46768.7 0.00251878 
4.51267 46762.7 0.00251827 
4.5122 46756.6 0.00251776 
4.51173 46750.6 0.00251725 
4.51126 46744.5 0.00251674 
4.51078 46738.5 0.00251623 
4.51031 46732.4 0.00251572 
4.50984 46726.4 0.00251522 
4.50936 46720.4 0.00251471 
4.50889 46714.3 0.0025142 
4.50842 46708.3 0.0025137 
4.50794 46702.3 0.00251319 
4.50747 46696.2 0.00251268 
4.50699 46690.2 0.00251218 
4.50652 46684.2 0.00251167 
4.50604 46678.2 0.00251117 
4.50557 46672.2 0.00251067 
4.50509 46666.1 0.00251016 
4.50462 46660.1 0.00250966 
4.50414 46654.1 0.00250916 
4.50366 46648.1 0.00250866 
4.50319 46642.1 0.00250816 
4.50271 46636.1 0.00250765 
4.50223 46630.1 0.00250715 
4.50176 46624.1 0.00250665 
4.50128 46618.1 0.00250615 
4.5008 46612.1 0.00250566 
4.50033 46606.1 0.00250516 
4.49985 46600.1 0.00250466 
4.49937 46594.2 0.00250416 
4.49889 46588.2 0.00250366 
4.49841 46582.2 0.00250317 
4.49793 46576.2 0.00250267 
4.49746 46570.2 0.00250217 
4.49698 46564.3 0.00250168 
4.4965 46558.3 0.00250118 
4.49602 46552.3 0.00250069 
4.49554 46546.4 0.00250019 
4.49506 46540.4 0.0024997 
4.49458 46534.4 0.00249921 
4.4941 46528.5 0.00249871 
4.49362 46522.5 0.00249822 
4.49314 46516.6 0.00249773 
4.49266 46510.6 0.00249724 
4.49218 46504.7 0.00249675 
4.4917 46498.7 0.00249626 
4.49122 46492.8 0.00249577 
4.49073 46486.8 0.00249528 
4.49025 46480.9 0.00249479 
4.48977 46474.9 0.0024943 
4.48929 46469 0.00249381 
4.48881 46463.1 0.00249332 
4.48832 46457.2 0.00249284 
4.48784 46451.2 0.00249235 
4.48736 46445.3 0.00249186 
4.48688 46439.4 0.00249138 
4.48639 46433.5 0.00249089 
4.48591 46427.5 0.00249041 
4.48543 46421.6 0.00248992 
4.48494 46415.7 0.00248944 
4.48446 46409.8 0.00248895 
4.48398 46403.9 0.00248847 
4.48349 46398 0.00248799 
4.48301 46392.1 0.0024875 
4.48252 46386.2 0.00248702 
4.48204 46380.3 0.00248654 
4.48156 46374.4 0.00248606 
4.48107 46368.5 0.00248558 
4.48059 46362.6 0.0024851 
4.4801 46356.7 0.00248462 
4.47962 46350.8 0.00248414 
4.47913 46344.9 0.00248366 
4.47864 46339 0.00248318 
4.47816 46333.2 0.0024827 
4.47767 46327.3 0.00248223 
4.47719 46321.4 0.00248175 
4.4767 46315.5 0.00248127 
4.47621 46309.6 0.0024808 
4.47573 46303.8 0.00248032 
4.47524 46297.9 0.00247985 
4.47475 46292 0.00247937 
4.47427 46286.2 0.0024789 
4.47378 46280.3 0.00247842 
4.47329 46274.5 0.00247795 
4.47281 46268.6 0.00247747 
4.47232 46262.8 0.002477 
4.47183 46256.9 0.00247653 
4.47134 46251.1 0.00247606 
4.47085 46245.2 0.00247559 
4.47037 46239.4 0.00247512 
4.46988 46233.5 0.00247464 
4.46939 46227.7 0.00247417 
4.4689 46221.8 0.00247371 
4.46841 46216 0.00247324 
4.46792 46210.2 0.00247277 
4.46743 46204.3 0.0024723 
4.46695 46198.5 0.00247183 
4.46646 46192.7 0.00247136 
4.46597 46186.9 0.0024709 
4.46548 46181 0.00247043 
4.46499 46175.2 0.00246996 
4.4645 46169.4 0.0024695 
4.46401 46163.6 0.00246903 
4.46352 46157.8 0.00246857 
4.46303 46152 0.0024681 
4.46254 46146.2 0.00246764 
4.46205 46140.3 0.00246718 
4.46156 46134.5 0.00246671 
4.46107 46128.7 0.00246625 
4.46057 46122.9 0.00246579 
4.46008 46117.1 0.00246533 
4.45959 46111.3 0.00246486 
4.4591 46105.6 0.0024644 
4.45861 46099.8 0.00246394 
4.45812 46094 0.00246348 
4.45763 46088.2 0.00246302 
4.45714 46082.4 0.00246256 
4.45664 46076.6 0.00246211 
4.45615 46070.8 0.00246165 
4.45566 46065.1 0.00246119 
