8.54182e-05
0.000170834
0.000256247
0.000341659
0.00042707
0.000512479
0.000597886
0.000683293
0.000768698
0.000854103
0.000939506
0.00102491
0.00111031
0.00119571
0.00128111
0.00136651
0.00145191
0.0015373
0.0016227
0.0017081
0.00179349
0.00187889
0.00196428
0.00204967
0.00213507
0.00222046
0.00230585
0.00239124
0.00247663
0.00256202
0.00264741
0.0027328
0.00281819
0.00290357
0.00298896
0.00307435
0.00315973
0.00324512
0.0033305
0.00341589
0.00350127
0.00358665
0.00367204
0.00375742
0.0038428
0.00392818
0.00401356
0.00409894
0.00418432
0.0042697
0.00435508
0.00444046
0.00452584
0.00461122
0.00469659
0.00478197
0.00486735
0.00495272
0.0050381
0.00512348
0.00520885
0.00529423
0.0053796
0.00546497
0.00555035
0.00563572
0.00572109
0.00580646
0.00589184
0.00597721
0.00606258
0.00614795
0.00623332
0.00631869
0.00640406
0.00648943
0.0065748
0.00666017
0.00674553
0.0068309
0.00691627
0.00700164
0.007087
0.00717237
0.00725774
0.0073431
0.00742847
0.00751383
0.0075992
0.00768456
0.00776993
0.00785529
0.00794065
0.00802602
0.00811138
0.00819674
0.00828211
0.00836747
0.00845283
0.00853819
0.00862355
0.00870891
0.00879427
0.00887963
0.00896499
0.00905035
0.00913571
0.00922107
0.00930643
0.00939179
0.00947714
0.0095625
0.00964786
0.00973322
0.00981857
0.00990393
0.00998929
0.0100746
0.01016
0.0102454
0.0103307
0.0104161
0.0105014
0.0105868
0.0106721
0.0107575
0.0108428
0.0109282
0.0110135
0.0110989
0.0111842
0.0112696
0.0113549
0.0114403
0.0115256
0.011611
0.0116963
0.0117817
0.011867
0.0119524
0.0120377
0.0121231
0.0122084
0.0122938
0.0123791
0.0124645
0.0125498
0.0126352
0.0127205
0.0128059
0.0128912
0.0129766
0.0130619
0.0131473
0.0132326
0.013318
0.0134033
0.0134887
0.013574
0.0136593
0.0137447
0.01383
0.0139154
0.0140007
0.0140861
0.0141714
0.0142567
0.0143421
0.0144274
0.0145128
0.0145981
0.0146835
0.0147688
0.0148541
0.0149395
0.0150248
0.0151102
0.0151955
0.0152808
0.0153662
0.0154515
0.0155369
0.0156222
0.0157075
0.0157929
0.0158782
0.0159636
0.0160489
0.0161342
0.0162196
0.0163049
0.0163902
0.0164756
0.0165609
0.0166462
0.0167316
0.0168169
0.0169023
0.0169876
0.0170729
0.0171583
0.0172436
0.0173289
0.0174143
0.0174996
0.0175849
0.0176703
0.0177556
0.0178409
0.0179263
0.0180116
0.0180969
0.0181823
0.0182676
0.0183529
0.0184383
0.0185236
0.0186089
0.0186943
0.0187796
0.0188649
0.0189502
0.0190356
0.0191209
0.0192062
0.0192916
0.0193769
0.0194622
0.0195476
0.0196329
0.0197182
0.0198035
0.0198889
0.0199742
0.0200595
0.0201448
0.0202302
0.0203155
0.0204008
0.0204862
0.0205715
0.0206568
0.0207421
0.0208275
0.0209128
0.0209981
0.0210834
0.0211688
0.0212541
0.0213394
0.0214247
0.0215101
0.0215954
0.0216807
0.021766
0.0218514
0.0219367
0.022022
0.0221073
0.0221926
0.022278
0.0223633
0.0224486
0.0225339
0.0226193
0.0227046
0.0227899
0.0228752
0.0229605
0.0230459
0.0231312
0.0232165
0.0233018
0.0233871
0.0234725
0.0235578
0.0236431
0.0237284
0.0238137
0.0238991
0.0239844
0.0240697
0.024155
0.0242403
0.0243256
0.024411
0.0244963
0.0245816
0.0246669
0.0247522
0.0248376
0.0249229
0.0250082
0.0250935
0.0251788
0.0252641
0.0253494
0.0254348
0.0255201
0.0256054
0.0256907
0.025776
0.0258613
0.0259467
0.026032
0.0261173
0.0262026
0.0262879
0.0263732
0.0264585
0.0265438
0.0266292
0.0267145
0.0267998
0.0268851
0.0269704
0.0270557
0.027141
0.0272263
0.0273117
0.027397
0.0274823
0.0275676
0.0276529
0.0277382
0.0278235
0.0279088
0.0279941
0.0280794
0.0281648
0.0282501
0.0283354
0.0284207
0.028506
0.0285913
0.0286766
0.0287619
0.0288472
0.0289325
0.0290178
0.0291032
0.0291885
0.0292738
0.0293591
0.0294444
0.0295297
0.029615
0.0297003
0.0297856
0.0298709
0.0299562
0.0300415
0.0301268
0.0302121
0.0302974
0.0303827
0.0304681
0.0305534
0.0306387
0.030724
0.0308093
0.0308946
0.0309799
0.0310652
0.0311505
0.0312358
0.0313211
0.0314064
0.0314917
0.031577
0.0316623
0.0317476
0.0318329
0.0319182
0.0320035
0.0320888
0.0321741
0.0322594
0.0323447
0.03243
0.0325153
0.0326006
0.0326859
0.0327712
0.0328565
0.0329418
0.0330271
0.0331124
0.0331977
0.033283
0.0333683
0.0334536
0.0335389
0.0336242
0.0337095
0.0337948
0.0338801
0.0339654
0.0340507
0.034136
0.0342213
0.0343066
0.0343919
0.0344772
0.0345625
0.0346478
0.0347331
0.0348184
0.0349037
0.034989
0.0350743
0.0351596
0.0352449
0.0353302
0.0354155
0.0355008
0.035586
0.0356713
0.0357566
0.0358419
0.0359272
0.0360125
0.0360978
0.0361831
0.0362684
0.0363537
0.036439
0.0365243
0.0366096
0.0366949
0.0367802
0.0368655
0.0369507
0.037036
0.0371213
0.0372066
0.0372919
0.0373772
0.0374625
0.0375478
0.0376331
0.0377184
0.0378037
0.037889
0.0379742
0.0380595
0.0381448
0.0382301
0.0383154
0.0384007
0.038486
0.0385713
0.0386566
0.0387419
0.0388271
0.0389124
0.0389977
0.039083
0.0391683
0.0392536
0.0393389
0.0394242
0.0395095
0.0395947
0.03968
0.0397653
0.0398506
0.0399359
0.0400212
0.0401065
0.0401918
0.040277
0.0403623
0.0404476
0.0405329
0.0406182
0.0407035
0.0407888
0.040874
0.0409593
0.0410446
0.0411299
0.0412152
0.0413005
0.0413858
0.041471
0.0415563
0.0416416
0.0417269
0.0418122
0.0418975
0.0419828
0.042068
0.0421533
0.0422386
0.0423239
0.0424092
0.0424945
0.0425797
0.042665
0.0427503
0.0428356
0.0429209
0.0430061
0.0430914
0.0431767
0.043262
0.0433473
0.0434326
0.0435178
0.0436031
0.0436884
0.0437737
0.043859
0.0439442
0.0440295
0.0441148
0.0442001
0.0442854
0.0443706
0.0444559
0.0445412
0.0446265
0.0447118
0.044797
0.0448823
0.0449676
0.0450529
0.0451382
0.0452234
0.0453087
0.045394
0.0454793
0.0455645
0.0456498
0.0457351
0.0458204
0.0459057
0.0459909
0.0460762
0.0461615
0.0462468
0.046332
0.0464173
0.0465026
0.0465879
0.0466731
0.0467584
0.0468437
0.046929
0.0470142
0.0470995
0.0471848
0.0472701
0.0473553
0.0474406
0.0475259
0.0476112
0.0476964
0.0477817
0.047867
0.0479523
0.0480375
0.0481228
0.0482081
0.0482934
0.0483786
0.0484639
0.0485492
0.0486345
0.0487197
0.048805
0.0488903
0.0489755
0.0490608
0.0491461
0.0492314
0.0493166
0.0494019
0.0494872
0.0495725
0.0496577
0.049743
0.0498283
0.0499135
0.0499988
0.0500841
0.0501693
0.0502546
0.0503399
0.0504252
0.0505104
0.0505957
0.050681
0.0507662
0.0508515
0.0509368
0.051022
0.0511073
0.0511926
0.0512779
0.0513631
0.0514484
0.0515337
0.0516189
0.0517042
0.0517895
0.0518747
0.05196
0.0520453
0.0521305
0.0522158
0.0523011
0.0523863
0.0524716
0.0525569
0.0526421
0.0527274
0.0528127
0.0528979
0.0529832
0.0530685
0.0531537
0.053239
0.0533243
0.0534095
0.0534948
0.0535801
0.0536653
0.0537506
0.0538359
0.0539211
0.0540064
0.0540917
0.0541769
0.0542622
0.0543474
0.0544327
0.054518
0.0546032
0.0546885
0.0547738
0.054859
0.0549443
0.0550296
0.0551148
0.0552001
0.0552853
0.0553706
0.0554559
0.0555411
0.0556264
0.0557117
0.0557969
0.0558822
0.0559674
0.0560527
0.056138
0.0562232
0.0563085
0.0563937
0.056479
0.0565643
0.0566495
0.0567348
0.0568201
0.0569053
0.0569906
0.0570758
0.0571611
0.0572464
0.0573316
0.0574169
0.0575021
0.0575874
0.0576727
0.0577579
0.0578432
0.0579284
0.0580137
0.0580989
0.0581842
0.0582695
0.0583547
0.05844
0.0585252
0.0586105
0.0586958
0.058781
0.0588663
0.0589515
0.0590368
0.059122
0.0592073
0.0592926
0.0593778
0.0594631
0.0595483
0.0596336
0.0597188
0.0598041
0.0598894
0.0599746
0.0600599
0.0601451
0.0602304
0.0603156
0.0604009
0.0604861
0.0605714
0.0606567
0.0607419
0.0608272
0.0609124
0.0609977
0.0610829
0.0611682
0.0612534
0.0613387
0.0614239
0.0615092
0.0615944
0.0616797
0.061765
0.0618502
0.0619355
0.0620207
0.062106
0.0621912
0.0622765
0.0623617
0.062447
0.0625322
0.0626175
0.0627027
0.062788
0.0628732
0.0629585
0.0630437
0.063129
0.0632142
0.0632995
0.0633848
0.06347
0.0635553
0.0636405
0.0637258
0.063811
0.0638963
0.0639815
0.0640668
0.064152
0.0642373
0.0643225
0.0644078
0.064493
0.0645783
0.0646635
0.0647488
0.064834
0.0649193
0.0650045
0.0650898
0.065175
0.0652602
0.0653455
0.0654307
0.065516
0.0656012
0.0656865
0.0657717
0.065857
0.0659422
0.0660275
0.0661127
0.066198
0.0662832
0.0663685
0.0664537
0.066539
0.0666242
0.0667095
0.0667947
0.06688
0.0669652
0.0670504
0.0671357
0.0672209
0.0673062
0.0673914
0.0674767
0.0675619
0.0676472
0.0677324
0.0678177
0.0679029
0.0679881
0.0680734
0.0681586
0.0682439
0.0683291
0.0684144
0.0684996
0.0685849
0.0686701
0.0687554
0.0688406
0.0689258
0.0690111
0.0690963
0.0691816
0.0692668
0.0693521
0.0694373
0.0695225
0.0696078
0.069693
0.0697783
0.0698635
0.0699488
0.070034
0.0701192
0.0702045
0.0702897
0.070375
0.0704602
0.0705455
0.0706307
0.0707159
0.0708012
0.0708864
0.0709717
0.0710569
0.0711421
0.0712274
0.0713126
0.0713979
0.0714831
0.0715683
0.0716536
0.0717388
0.0718241
0.0719093
0.0719945
0.0720798
0.072165
0.0722503
0.0723355
0.0724207
0.072506
0.0725912
0.0726765
0.0727617
0.0728469
0.0729322
0.0730174
0.0731027
0.0731879
0.0732731
0.0733584
0.0734436
0.0735288
0.0736141
0.0736993
0.0737846
0.0738698
0.073955
0.0740403
0.0741255
0.0742108
0.074296
0.0743812
0.0744665
0.0745517
0.0746369
0.0747222
0.0748074
0.0748926
0.0749779
0.0750631
0.0751484
0.0752336
0.0753188
0.0754041
0.0754893
0.0755745
0.0756598
0.075745
0.0758302
0.0759155
0.0760007
0.0760859
0.0761712
0.0762564
0.0763416
0.0764269
0.0765121
0.0765974
0.0766826
0.0767678
0.0768531
0.0769383
0.0770235
0.0771088
0.077194
0.0772792
0.0773645
0.0774497
0.0775349
0.0776202
0.0777054
0.0777906
0.0778759
0.0779611
0.0780463
0.0781316
0.0782168
0.078302
0.0783873
0.0784725
0.0785577
0.0786429
0.0787282
0.0788134
0.0788986
0.0789839
0.0790691
0.0791543
0.0792396
0.0793248
0.07941
0.0794953
0.0795805
0.0796657
0.079751
0.0798362
0.0799214
0.0800066
0.0800919
0.0801771
0.0802623
0.0803476
0.0804328
0.080518
0.0806033
0.0806885
0.0807737
0.0808589
0.0809442
0.0810294
0.0811146
0.0811999
0.0812851
0.0813703
0.0814556
0.0815408
0.081626
0.0817112
0.0817965
0.0818817
0.0819669
0.0820522
0.0821374
0.0822226
0.0823078
0.0823931
0.0824783
0.0825635
0.0826487
0.082734
0.0828192
0.0829044
0.0829897
0.0830749
0.0831601
0.0832453
0.0833306
0.0834158
0.083501
0.0835862
0.0836715
0.0837567
0.0838419
0.0839271
0.0840124
0.0840976
0.0841828
0.0842681
0.0843533
0.0844385
0.0845237
0.084609
0.0846942
0.0847794
0.0848646
0.0849499
0.0850351
0.0851203
0.0852055
0.0852908
0.085376
0.0854612
0.0855464
0.0856317
0.0857169
0.0858021
0.0858873
0.0859725
0.0860578
0.086143
0.0862282
0.0863134
0.0863987
0.0864839
0.0865691
0.0866543
0.0867396
0.0868248
0.08691
0.0869952
0.0870805
0.0871657
0.0872509
0.0873361
0.0874213
0.0875066
0.0875918
0.087677
0.0877622
0.0878475
0.0879327
0.0880179
0.0881031
0.0881883
0.0882736
0.0883588
0.088444
0.0885292
0.0886145
0.0886997
0.0887849
0.0888701
0.0889553
0.0890406
0.0891258
0.089211
0.0892962
0.0893814
0.0894667
0.0895519
0.0896371
0.0897223
0.0898075
0.0898928
0.089978
0.0900632
0.0901484
0.0902336
0.0903189
0.0904041
0.0904893
0.0905745
0.0906597
0.090745
0.0908302
0.0909154
0.0910006
0.0910858
0.0911711
0.0912563
0.0913415
0.0914267
0.0915119
0.0915971
0.0916824
0.0917676
0.0918528
0.091938
0.0920232
0.0921085
0.0921937
0.0922789
0.0923641
0.0924493
0.0925345
0.0926198
0.092705
0.0927902
0.0928754
0.0929606
0.0930458
0.0931311
0.0932163
0.0933015
0.0933867
0.0934719
0.0935572
0.0936424
0.0937276
0.0938128
0.093898
0.0939832
0.0940684
0.0941537
0.0942389
0.0943241
0.0944093
0.0944945
0.0945797
0.094665
0.0947502
0.0948354
0.0949206
0.0950058
0.095091
0.0951763
0.0952615
0.0953467
0.0954319
0.0955171
0.0956023
0.0956875
0.0957728
0.095858
0.0959432
0.0960284
0.0961136
0.0961988
0.096284
0.0963693
0.0964545
0.0965397
0.0966249
0.0967101
0.0967953
0.0968805
0.0969658
0.097051
0.0971362
0.0972214
0.0973066
0.0973918
0.097477
0.0975623
0.0976475
0.0977327
0.0978179
0.0979031
0.0979883
0.0980735
0.0981587
0.098244
0.0983292
0.0984144
0.0984996
0.0985848
0.09867
0.0987552
0.0988404
0.0989257
0.0990109
0.0990961
0.0991813
0.0992665
0.0993517
0.0994369
0.0995221
0.0996074
0.0996926
0.0997778
0.099863
0.0999482
0.100033
0.100119
0.100204
0.100289
0.100374
0.100459
0.100545
0.10063
0.100715
0.1008
0.100886
0.100971
0.101056
0.101141
0.101226
0.101312
0.101397
0.101482
0.101567
0.101652
0.101738
0.101823
0.101908
0.101993
0.102078
0.102164
0.102249
0.102334
0.102419
0.102505
0.10259
0.102675
0.10276
0.102845
0.102931
0.103016
0.103101
0.103186
0.103271
0.103357
0.103442
0.103527
0.103612
0.103697
0.103783
0.103868
0.103953
0.104038
0.104123
0.104209
0.104294
0.104379
0.104464
0.10455
0.104635
0.10472
0.104805
0.10489
0.104976
0.105061
0.105146
0.105231
0.105316
0.105402
0.105487
0.105572
0.105657
0.105742
0.105828
0.105913
0.105998
0.106083
0.106168
0.106254
0.106339
0.106424
0.106509
0.106595
0.10668
0.106765
0.10685
0.106935
0.107021
0.107106
0.107191
0.107276
0.107361
0.107447
0.107532
0.107617
0.107702
0.107787
0.107873
0.107958
0.108043
0.108128
0.108213
0.108299
0.108384
0.108469
0.108554
0.108639
0.108725
0.10881
0.108895
0.10898
0.109065
0.109151
0.109236
0.109321
0.109406
0.109492
0.109577
0.109662
0.109747
0.109832
0.109918
0.110003
0.110088
0.110173
0.110258
0.110344
0.110429
0.110514
0.110599
0.110684
0.11077
0.110855
0.11094
0.111025
0.11111
0.111196
0.111281
0.111366
0.111451
0.111536
0.111622
0.111707
0.111792
0.111877
0.111962
0.112048
0.112133
0.112218
0.112303
0.112388
0.112474
0.112559
0.112644
0.112729
0.112814
0.1129
0.112985
0.11307
0.113155
0.113241
0.113326
0.113411
0.113496
0.113581
0.113667
0.113752
0.113837
0.113922
0.114007
0.114093
0.114178
0.114263
0.114348
0.114433
0.114519
0.114604
0.114689
0.114774
0.114859
0.114945
0.11503
0.115115
0.1152
0.115285
0.115371
0.115456
0.115541
0.115626
0.115711
0.115797
0.115882
0.115967
0.116052
0.116137
0.116223
0.116308
0.116393
0.116478
0.116563
0.116649
0.116734
0.116819
0.116904
0.116989
0.117075
0.11716
0.117245
0.11733
0.117415
0.117501
0.117586
0.117671
0.117756
0.117841
0.117927
0.118012
0.118097
0.118182
0.118267
0.118353
0.118438
0.118523
0.118608
0.118693
0.118779
0.118864
0.118949
0.119034
0.119119
0.119205
0.11929
0.119375
0.11946
0.119545
0.119631
0.119716
0.119801
0.119886
0.119971
0.120057
0.120142
0.120227
0.120312
0.120398
0.120483
0.120568
0.120653
0.120738
0.120824
0.120909
0.120994
0.121079
0.121164
0.12125
0.121335
0.12142
0.121505
0.12159
0.121676
0.121761
0.121846
0.121931
0.122016
0.122102
0.122187
0.122272
0.122357
0.122442
0.122528
0.122613
0.122698
0.122783
0.122868
0.122954
0.123039
0.123124
0.123209
0.123294
0.12338
0.123465
0.12355
0.123635
0.12372
0.123806
0.123891
0.123976
0.124061
0.124146
0.124232
0.124317
0.124402
0.124487
0.124572
0.124658
0.124743
0.124828
0.124913
0.124998
0.125084
0.125169
0.125254
0.125339
0.125424
0.12551
0.125595
0.12568
0.125765
0.12585
0.125936
0.126021
0.126106
0.126191
0.126276
0.126362
0.126447
0.126532
0.126617
0.126702
0.126788
0.126873
0.126958
0.127043
0.127128
0.127214
0.127299
0.127384
0.127469
0.127554
0.12764
0.127725
0.12781
0.127895
0.12798
0.128066
0.128151
0.128236
0.128321
0.128406
0.128492
0.128577
0.128662
0.128747
0.128832
0.128918
0.129003
0.129088
0.129173
0.129258
0.129344
0.129429
0.129514
0.129599
0.129684
0.12977
0.129855
0.12994
0.130025
0.13011
0.130196
0.130281
0.130366
0.130451
0.130536
0.130622
0.130707
0.130792
0.130877
0.130962
0.131048
0.131133
0.131218
0.131303
0.131388
0.131474
0.131559
0.131644
0.131729
0.131814
0.1319
0.131985
0.13207
0.132155
0.13224
0.132326
0.132411
0.132496
0.132581
0.132666
0.132752
0.132837
0.132922
0.133007
0.133092
0.133178
0.133263
0.133348
0.133433
0.133518
0.133604
0.133689
0.133774
0.133859
0.133944
0.13403
0.134115
0.1342
0.134285
0.13437
0.134456
0.134541
0.134626
0.134711
0.134796
0.134882
0.134967
0.135052
0.135137
0.135222
0.135308
0.135393
0.135478
0.135563
0.135648
0.135734
0.135819
0.135904
0.135989
0.136074
0.13616
0.136245
0.13633
0.136415
0.1365
0.136586
0.136671
0.136756
0.136841
0.136926
0.137012
0.137097
0.137182
0.137267
0.137352
0.137438
0.137523
0.137608
0.137693
0.137778
0.137864
0.137949
0.138034
0.138119
0.138204
0.13829
0.138375
0.13846
0.138545
0.13863
0.138716
0.138801
0.138886
0.138971
0.139056
0.139142
0.139227
0.139312
0.139397
0.139482
0.139568
0.139653
0.139738
0.139823
0.139908
0.139994
0.140079
0.140164
0.140249
0.140334
0.14042
0.140505
0.14059
0.140675
0.14076
0.140846
0.140931
0.141016
0.141101
0.141186
0.141272
0.141357
0.141442
0.141527
0.141612
0.141698
0.141783
0.141868
0.141953
0.142038
0.142124
0.142209
0.142294
0.142379
0.142464
0.14255
0.142635
0.14272
0.142805
0.14289
0.142976
0.143061
0.143146
0.143231
0.143316
0.143402
0.143487
0.143572
0.143657
0.143743
0.143828
0.143913
0.143998
0.144083
0.144169
0.144254
0.144339
0.144424
0.144509
0.144595
0.14468
0.144765
0.14485
0.144935
0.145021
0.145106
0.145191
0.145276
0.145361
0.145447
0.145532
0.145617
0.145702
0.145787
0.145873
0.145958
0.146043
0.146128
0.146213
0.146299
0.146384
0.146469
0.146554
0.146639
0.146725
0.14681
0.146895
0.14698
0.147065
0.147151
0.147236
0.147321
0.147406
0.147491
0.147577
0.147662
0.147747
0.147832
0.147918
0.148003
0.148088
0.148173
0.148258
0.148344
0.148429
0.148514
0.148599
0.148684
0.14877
0.148855
0.14894
0.149025
0.14911
0.149196
0.149281
0.149366
0.149451
0.149536
0.149622
0.149707
0.149792
0.149877
0.149962
0.150048
0.150133
0.150218
0.150303
0.150388
0.150474
0.150559
0.150644
0.150729
0.150815
0.1509
0.150985
0.15107
0.151155
0.151241
0.151326
0.151411
0.151496
0.151581
0.151667
0.151752
0.151837
0.151922
0.152007
0.152093
0.152178
0.152263
0.152348
0.152433
0.152519
0.152604
0.152689
0.152774
0.152859
0.152945
0.15303
0.153115
0.1532
0.153286
0.153371
0.153456
0.153541
0.153626
0.153712
0.153797
0.153882
0.153967
0.154052
0.154138
0.154223
0.154308
0.154393
0.154478
0.154564
0.154649
0.154734
0.154819
0.154904
0.15499
0.155075
0.15516
0.155245
0.155331
0.155416
0.155501
0.155586
0.155671
0.155757
0.155842
0.155927
0.156012
0.156097
0.156183
0.156268
0.156353
0.156438
0.156523
0.156609
0.156694
0.156779
0.156864
0.15695
0.157035
0.15712
0.157205
0.15729
0.157376
0.157461
0.157546
0.157631
0.157716
0.157802
0.157887
0.157972
0.158057
0.158143
0.158228
0.158313
0.158398
0.158483
0.158569
0.158654
0.158739
0.158824
0.158909
0.158995
0.15908
0.159165
0.15925
0.159335
0.159421
0.159506
0.159591
0.159676
0.159762
0.159847
0.159932
0.160017
0.160102
0.160188
0.160273
0.160358
0.160443
0.160528
0.160614
0.160699
0.160784
0.160869
0.160955
0.16104
0.161125
0.16121
0.161295
0.161381
0.161466
0.161551
0.161636
0.161721
0.161807
0.161892
0.161977
0.162062
0.162148
0.162233
0.162318
0.162403
0.162488
0.162574
0.162659
0.162744
0.162829
0.162915
0.163
0.163085
0.16317
0.163255
0.163341
0.163426
0.163511
0.163596
0.163681
0.163767
0.163852
0.163937
0.164022
0.164108
0.164193
0.164278
0.164363
0.164448
0.164534
0.164619
0.164704
0.164789
0.164875
0.16496
0.165045
0.16513
0.165215
0.165301
0.165386
0.165471
0.165556
0.165641
0.165727
0.165812
0.165897
0.165982
0.166068
0.166153
0.166238
0.166323
0.166408
0.166494
0.166579
0.166664
0.166749
0.166835
0.16692
0.167005
0.16709
0.167175
0.167261
0.167346
0.167431
0.167516
0.167602
0.167687
0.167772
0.167857
0.167942
0.168028
0.168113
0.168198
0.168283
0.168369
0.168454
0.168539
0.168624
0.168709
0.168795
0.16888
0.168965
0.16905
0.169136
0.169221
0.169306
0.169391
0.169476
0.169562
0.169647
0.169732
0.169817
0.169903
0.169988
0.170073
0.170158
0.170243
0.170329
0.170414
0.170499
0.170584
0.17067
0.170755
0.17084
0.170925
0.171011
0.171096
0.171181
0.171266
0.171351
0.171437
0.171522
0.171607
0.171692
0.171778
0.171863
0.171948
0.172033
0.172118
0.172204
0.172289
0.172374
0.172459
0.172545
0.17263
0.172715
0.1728
0.172885
0.172971
0.173056
0.173141
0.173226
0.173312
0.173397
0.173482
0.173567
0.173653
0.173738
0.173823
0.173908
0.173993
0.174079
0.174164
0.174249
0.174334
0.17442
0.174505
0.17459
0.174675
0.174761
0.174846
0.174931
0.175016
0.175101
0.175187
0.175272
0.175357
0.175442
0.175528
0.175613
0.175698
0.175783
0.175869
0.175954
0.176039
0.176124
0.176209
0.176295
0.17638
0.176465
0.17655
0.176636
0.176721
0.176806
0.176891
0.176977
0.177062
0.177147
0.177232
0.177318
0.177403
0.177488
0.177573
0.177658
0.177744
0.177829
0.177914
0.177999
0.178085
0.17817
0.178255
0.17834
0.178426
0.178511
0.178596
0.178681
0.178767
0.178852
0.178937
0.179022
0.179107
0.179193
0.179278
0.179363
0.179448
0.179534
0.179619
0.179704
0.179789
0.179875
0.17996
0.180045
0.18013
0.180216
0.180301
0.180386
0.180471
0.180556
0.180642
0.180727
0.180812
0.180897
0.180983
0.181068
0.181153
0.181238
0.181324
0.181409
0.181494
0.181579
0.181665
0.18175
0.181835
0.18192
0.182006
0.182091
0.182176
0.182261
0.182347
0.182432
0.182517
0.182602
0.182687
0.182773
0.182858
0.182943
0.183028
0.183114
0.183199
0.183284
0.183369
0.183455
0.18354
0.183625
0.18371
0.183796
0.183881
0.183966
0.184051
0.184137
0.184222
0.184307
0.184392
0.184478
0.184563
0.184648
0.184733
0.184819
0.184904
0.184989
0.185074
0.18516
0.185245
0.18533
0.185415
0.185501
0.185586
0.185671
0.185756
0.185842
0.185927
0.186012
0.186097
0.186183
0.186268
0.186353
0.186438
0.186524
0.186609
0.186694
0.186779
0.186865
0.18695
0.187035
0.18712
0.187206
0.187291
0.187376
0.187461
0.187546
0.187632
0.187717
0.187802
0.187887
0.187973
0.188058
0.188143
0.188229
0.188314
0.188399
0.188484
0.18857
0.188655
0.18874
0.188825
0.188911
0.188996
0.189081
0.189166
0.189252
0.189337
0.189422
0.189507
0.189593
0.189678
0.189763
0.189848
0.189934
0.190019
0.190104
0.190189
0.190275
0.19036
0.190445
0.19053
0.190616
0.190701
0.190786
0.190871
0.190957
0.191042
0.191127
0.191212
0.191298
0.191383
0.191468
0.191553
0.191639
0.191724
0.191809
0.191894
0.19198
0.192065
0.19215
0.192235
0.192321
0.192406
0.192491
0.192576
0.192662
0.192747
0.192832
0.192918
0.193003
0.193088
0.193173
0.193259
0.193344
0.193429
0.193514
0.1936
0.193685
0.19377
0.193855
0.193941
0.194026
0.194111
0.194196
0.194282
0.194367
0.194452
0.194537
0.194623
0.194708
0.194793
0.194879
0.194964
0.195049
0.195134
0.19522
0.195305
0.19539
0.195475
0.195561
0.195646
0.195731
0.195816
0.195902
0.195987
0.196072
0.196157
0.196243
0.196328
0.196413
0.196499
0.196584
0.196669
0.196754
0.19684
0.196925
0.19701
0.197095
0.197181
0.197266
0.197351
0.197436
0.197522
0.197607
0.197692
0.197778
0.197863
0.197948
0.198033
0.198119
0.198204
0.198289
0.198374
0.19846
0.198545
0.19863
0.198716
0.198801
0.198886
0.198971
0.199057
0.199142
0.199227
0.199312
0.199398
0.199483
0.199568
0.199654
0.199739
0.199824
0.199909
0.199995
0.20008
0.200165
0.20025
0.200336
0.200421
0.200506
0.200592
0.200677
0.200762
0.200847
0.200933
0.201018
0.201103
0.201188
0.201274
0.201359
0.201444
0.20153
0.201615
0.2017
0.201785
0.201871
0.201956
0.202041
0.202126
0.202212
0.202297
0.202382
0.202468
0.202553
0.202638
0.202723
0.202809
0.202894
0.202979
0.203065
0.20315
0.203235
0.20332
0.203406
0.203491
0.203576
0.203661
0.203747
0.203832
0.203917
0.204003
0.204088
0.204173
0.204258
0.204344
0.204429
0.204514
0.2046
0.204685
0.20477
0.204855
0.204941
0.205026
0.205111
0.205197
0.205282
0.205367
0.205452
0.205538
0.205623
0.205708
0.205794
0.205879
0.205964
0.206049
0.206135
0.20622
0.206305
0.206391
0.206476
0.206561
0.206646
0.206732
0.206817
0.206902
0.206988
0.207073
0.207158
0.207243
0.207329
0.207414
0.207499
0.207585
0.20767
0.207755
0.20784
0.207926
0.208011
0.208096
0.208182
0.208267
0.208352
0.208437
0.208523
0.208608
0.208693
0.208779
0.208864
0.208949
0.209034
0.20912
0.209205
0.20929
0.209376
0.209461
0.209546
0.209632
0.209717
0.209802
0.209887
0.209973
0.210058
0.210143
0.210229
0.210314
0.210399
0.210484
0.21057
0.210655
0.21074
0.210826
0.210911
0.210996
0.211082
0.211167
0.211252
0.211337
0.211423
0.211508
0.211593
0.211679
0.211764
0.211849
0.211935
0.21202
0.212105
0.21219
0.212276
0.212361
0.212446
0.212532
0.212617
0.212702
0.212788
0.212873
0.212958
0.213043
0.213129
0.213214
0.213299
0.213385
0.21347
0.213555
0.213641
0.213726
0.213811
0.213896
0.213982
0.214067
0.214152
0.214238
0.214323
0.214408
0.214494
0.214579
0.214664
0.214749
0.214835
0.21492
0.215005
0.215091
0.215176
0.215261
0.215347
0.215432
0.215517
0.215603
0.215688
0.215773
0.215858
0.215944
0.216029
0.216114
0.2162
0.216285
0.21637
0.216456
0.216541
0.216626
0.216712
0.216797
0.216882
0.216967
0.217053
0.217138
0.217223
0.217309
0.217394
0.217479
0.217565
0.21765
0.217735
0.217821
0.217906
0.217991
0.218077
0.218162
0.218247
0.218332
0.218418
0.218503
0.218588
0.218674
0.218759
0.218844
0.21893
0.219015
0.2191
0.219186
0.219271
0.219356
0.219442
0.219527
0.219612
0.219698
0.219783
0.219868
0.219953
0.220039
0.220124
0.220209
0.220295
0.22038
0.220465
0.220551
0.220636
0.220721
0.220807
0.220892
0.220977
0.221063
0.221148
0.221233
0.221319
0.221404
0.221489
0.221575
0.22166
0.221745
0.221831
0.221916
0.222001
0.222086
0.222172
0.222257
0.222342
0.222428
0.222513
0.222598
0.222684
0.222769
0.222854
0.22294
0.223025
0.22311
0.223196
0.223281
0.223366
0.223452
0.223537
0.223622
0.223708
0.223793
0.223878
0.223964
0.224049
0.224134
0.22422
0.224305
0.22439
0.224476
0.224561
0.224646
0.224732
0.224817
0.224902
0.224988
0.225073
0.225158
0.225244
0.225329
0.225414
0.2255
0.225585
0.22567
0.225756
0.225841
0.225926
0.226012
0.226097
0.226182
0.226268
0.226353
0.226438
0.226524
0.226609
0.226694
0.22678
0.226865
0.22695
0.227036
0.227121
0.227206
0.227292
0.227377
0.227462
0.227548
0.227633
0.227718
0.227804
0.227889
0.227974
0.22806
0.228145
0.22823
0.228316
0.228401
0.228486
0.228572
0.228657
0.228742
0.228828
0.228913
0.228998
0.229084
0.229169
0.229254
0.22934
0.229425
0.22951
0.229596
0.229681
0.229766
0.229852
0.229937
0.230022
0.230108
0.230193
0.230278
0.230364
0.230449
0.230535
0.23062
0.230705
0.230791
0.230876
0.230961
0.231047
0.231132
0.231217
0.231303
0.231388
0.231473
0.231559
0.231644
0.231729
0.231815
0.2319
0.231985
0.232071
0.232156
0.232241
0.232327
0.232412
0.232497
0.232583
0.232668
0.232754
0.232839
0.232924
0.23301
0.233095
0.23318
0.233266
0.233351
0.233436
0.233522
0.233607
0.233692
0.233778
0.233863
0.233948
0.234034
0.234119
0.234205
0.23429
0.234375
0.234461
0.234546
0.234631
0.234717
0.234802
0.234887
0.234973
0.235058
0.235143
0.235229
0.235314
0.2354
0.235485
0.23557
0.235656
0.235741
0.235826
0.235912
0.235997
0.236082
0.236168
0.236253
0.236338
0.236424
0.236509
0.236595
0.23668
0.236765
0.236851
0.236936
0.237021
0.237107
0.237192
0.237277
0.237363
0.237448
0.237534
0.237619
0.237704
0.23779
0.237875
0.23796
0.238046
0.238131
0.238216
0.238302
0.238387
0.238473
0.238558
0.238643
0.238729
0.238814
0.238899
0.238985
0.23907
0.239156
0.239241
0.239326
0.239412
0.239497
0.239582
0.239668
0.239753
0.239838
0.239924
0.240009
0.240095
0.24018
0.240265
0.240351
0.240436
0.240521
0.240607
0.240692
0.240778
0.240863
0.240948
0.241034
0.241119
0.241204
0.24129
0.241375
0.241461
0.241546
0.241631
0.241717
0.241802
0.241887
0.241973
0.242058
0.242144
0.242229
0.242314
0.2424
0.242485
0.24257
0.242656
0.242741
0.242827
0.242912
0.242997
0.243083
0.243168
0.243253
0.243339
0.243424
0.24351
0.243595
0.24368
0.243766
0.243851
0.243937
0.244022
0.244107
0.244193
0.244278
0.244363
0.244449
0.244534
0.24462
0.244705
0.24479
0.244876
0.244961
0.245047
0.245132
0.245217
0.245303
0.245388
0.245473
0.245559
0.245644
0.24573
0.245815
0.2459
0.245986
0.246071
0.246157
0.246242
0.246327
0.246413
0.246498
0.246584
0.246669
0.246754
0.24684
0.246925
0.24701
0.247096
0.247181
0.247267
0.247352
0.247437
0.247523
0.247608
0.247694
0.247779
0.247864
0.24795
0.248035
0.248121
0.248206
0.248291
0.248377
0.248462
0.248548
0.248633
0.248718
0.248804
0.248889
0.248975
0.24906
0.249145
0.249231
0.249316
0.249402
0.249487
0.249572
0.249658
0.249743
0.249829
0.249914
0.249999
0.250085
0.25017
0.250256
0.250341
0.250426
0.250512
0.250597
0.250683
0.250768
0.250853
0.250939
0.251024
0.25111
0.251195
0.25128
0.251366
0.251451
0.251537
0.251622
0.251707
0.251793
0.251878
0.251964
0.252049
0.252134
0.25222
0.252305
0.252391
0.252476
0.252561
0.252647
0.252732
0.252818
0.252903
0.252989
0.253074
0.253159
0.253245
0.25333
0.253416
0.253501
0.253586
0.253672
0.253757
0.253843
0.253928
0.254013
0.254099
0.254184
0.25427
0.254355
0.254441
0.254526
0.254611
0.254697
0.254782
0.254868
0.254953
0.255038
0.255124
0.255209
0.255295
0.25538
0.255466
0.255551
0.255636
0.255722
0.255807
0.255893
0.255978
0.256063
0.256149
0.256234
0.25632
0.256405
0.256491
0.256576
0.256661
0.256747
0.256832
0.256918
0.257003
0.257089
0.257174
0.257259
0.257345
0.25743
0.257516
0.257601
0.257686
0.257772
0.257857
0.257943
0.258028
0.258114
0.258199
0.258284
0.25837
0.258455
0.258541
0.258626
0.258712
0.258797
0.258882
0.258968
0.259053
0.259139
0.259224
0.25931
0.259395
0.25948
0.259566
0.259651
0.259737
0.259822
0.259908
0.259993
0.260078
0.260164
0.260249
0.260335
0.26042
0.260506
0.260591
0.260676
0.260762
0.260847
0.260933
0.261018
0.261104
0.261189
0.261275
0.26136
0.261445
0.261531
0.261616
0.261702
0.261787
0.261873
0.261958
0.262043
0.262129
0.262214
0.2623
0.262385
0.262471
0.262556
0.262642
0.262727
0.262812
0.262898
0.262983
0.263069
0.263154
0.26324
0.263325
0.263411
0.263496
0.263581
0.263667
0.263752
0.263838
0.263923
0.264009
0.264094
0.26418
0.264265
0.26435
0.264436
0.264521
0.264607
0.264692
0.264778
0.264863
0.264949
0.265034
0.265119
0.265205
0.26529
0.265376
0.265461
0.265547
0.265632
0.265718
0.265803
0.265888
0.265974
0.266059
0.266145
0.26623
0.266316
0.266401
0.266487
0.266572
0.266658
0.266743
0.266828
0.266914
0.266999
0.267085
0.26717
0.267256
0.267341
0.267427
0.267512
0.267598
0.267683
0.267768
0.267854
0.267939
0.268025
0.26811
0.268196
0.268281
0.268367
0.268452
0.268538
0.268623
0.268709
0.268794
0.268879
0.268965
0.26905
0.269136
0.269221
0.269307
0.269392
0.269478
0.269563
0.269649
0.269734
0.26982
0.269905
0.26999
0.270076
0.270161
0.270247
0.270332
0.270418
0.270503
0.270589
0.270674
0.27076
0.270845
0.270931
0.271016
0.271102
0.271187
0.271272
0.271358
0.271443
0.271529
0.271614
0.2717
0.271785
0.271871
0.271956
0.272042
0.272127
0.272213
0.272298
0.272384
0.272469
0.272555
0.27264
0.272725
0.272811
0.272896
0.272982
0.273067
0.273153
0.273238
0.273324
0.273409
0.273495
0.27358
0.273666
0.273751
0.273837
0.273922
0.274008
0.274093
0.274179
0.274264
0.27435
0.274435
0.27452
0.274606
0.274691
0.274777
0.274862
0.274948
0.275033
0.275119
0.275204
0.27529
0.275375
0.275461
0.275546
0.275632
0.275717
0.275803
0.275888
0.275974
0.276059
0.276145
0.27623
0.276316
0.276401
0.276487
0.276572
0.276658
0.276743
0.276829
0.276914
0.277
0.277085
0.277171
0.277256
0.277341
0.277427
0.277512
0.277598
0.277683
0.277769
0.277854
0.27794
0.278025
0.278111
0.278196
0.278282
0.278367
0.278453
0.278538
0.278624
0.278709
0.278795
0.27888
0.278966
0.279051
0.279137
0.279222
0.279308
0.279393
0.279479
0.279564
0.27965
0.279735
0.279821
0.279906
0.279992
0.280077
0.280163
0.280248
0.280334
0.280419
0.280505
0.28059
0.280676
0.280761
0.280847
0.280932
0.281018
0.281103
0.281189
0.281274
0.28136
0.281445
0.281531
0.281616
0.281702
0.281787
0.281873
0.281958
0.282044
0.282129
0.282215
0.2823
0.282386
0.282471
0.282557
0.282642
0.282728
0.282813
0.282899
0.282984
0.28307
0.283155
0.283241
0.283326
0.283412
0.283498
0.283583
0.283669
0.283754
0.28384
0.283925
0.284011
0.284096
0.284182
0.284267
0.284353
0.284438
0.284524
0.284609
0.284695
0.28478
0.284866
0.284951
0.285037
0.285122
0.285208
0.285293
0.285379
0.285464
0.28555
0.285635
0.285721
0.285806
0.285892
0.285977
0.286063
0.286148
0.286234
0.28632
0.286405
0.286491
0.286576
0.286662
0.286747
0.286833
0.286918
0.287004
0.287089
0.287175
0.28726
0.287346
0.287431
0.287517
0.287602
0.287688
0.287773
0.287859
0.287944
0.28803
0.288116
0.288201
0.288287
0.288372
0.288458
0.288543
0.288629
0.288714
0.2888
0.288885
0.288971
0.289056
0.289142
0.289227
0.289313
0.289398
0.289484
0.28957
0.289655
0.289741
0.289826
0.289912
0.289997
0.290083
0.290168
0.290254
0.290339
0.290425
0.29051
0.290596
0.290682
0.290767
0.290853
0.290938
0.291024
0.291109
0.291195
0.29128
0.291366
0.291451
0.291537
0.291622
0.291708
0.291794
0.291879
0.291965
0.29205
0.292136
0.292221
0.292307
0.292392
0.292478
0.292563
0.292649
0.292734
0.29282
0.292906
0.292991
0.293077
0.293162
0.293248
0.293333
0.293419
0.293504
0.29359
0.293675
0.293761
0.293847
0.293932
0.294018
0.294103
0.294189
0.294274
0.29436
0.294445
0.294531
0.294617
0.294702
0.294788
0.294873
0.294959
0.295044
0.29513
0.295215
0.295301
0.295386
0.295472
0.295558
0.295643
0.295729
0.295814
0.2959
0.295985
0.296071
0.296156
0.296242
0.296328
0.296413
0.296499
0.296584
0.29667
0.296755
0.296841
0.296927
0.297012
0.297098
0.297183
0.297269
0.297354
0.29744
0.297525
0.297611
0.297697
0.297782
0.297868
0.297953
0.298039
0.298124
0.29821
0.298295
0.298381
0.298467
0.298552
0.298638
0.298723
0.298809
0.298894
0.29898
0.299066
0.299151
0.299237
0.299322
0.299408
0.299493
0.299579
0.299665
0.29975
0.299836
0.299921
0.300007
0.300092
0.300178
0.300264
0.300349
0.300435
0.30052
0.300606
0.300691
0.300777
0.300863
0.300948
0.301034
0.301119
0.301205
0.30129
0.301376
0.301462
0.301547
0.301633
0.301718
0.301804
0.301889
0.301975
0.302061
0.302146
0.302232
0.302317
0.302403
0.302489
0.302574
0.30266
0.302745
0.302831
0.302916
0.303002
0.303088
0.303173
0.303259
0.303344
0.30343
0.303516
0.303601
0.303687
0.303772
0.303858
0.303943
0.304029
0.304115
0.3042
0.304286
0.304371
0.304457
0.304543
0.304628
0.304714
0.304799
0.304885
0.30497
0.305056
0.305142
0.305227
0.305313
0.305398
0.305484
0.30557
0.305655
0.305741
0.305826
0.305912
0.305998
0.306083
0.306169
0.306254
0.30634
0.306426
0.306511
0.306597
0.306682
0.306768
0.306854
0.306939
0.307025
0.30711
0.307196
0.307282
0.307367
0.307453
0.307538
0.307624
0.30771
0.307795
0.307881
0.307966
0.308052
0.308138
0.308223
0.308309
0.308394
0.30848
0.308566
0.308651
0.308737
0.308822
0.308908
0.308994
0.309079
0.309165
0.30925
0.309336
0.309422
0.309507
0.309593
0.309678
0.309764
0.30985
0.309935
0.310021
0.310106
0.310192
0.310278
0.310363
0.310449
0.310534
0.31062
0.310706
0.310791
0.310877
0.310963
0.311048
0.311134
0.311219
0.311305
0.311391
0.311476
0.311562
0.311647
0.311733
0.311819
0.311904
0.31199
0.312075
0.312161
0.312247
0.312332
0.312418
0.312504
0.312589
0.312675
0.31276
0.312846
0.312932
0.313017
0.313103
0.313189
0.313274
0.31336
0.313445
0.313531
0.313617
0.313702
0.313788
0.313874
0.313959
0.314045
0.31413
0.314216
0.314302
0.314387
0.314473
0.314559
0.314644
0.31473
0.314815
0.314901
0.314987
0.315072
0.315158
0.315244
0.315329
0.315415
0.3155
0.315586
0.315672
0.315757
0.315843
0.315929
0.316014
0.3161
0.316185
0.316271
0.316357
0.316442
0.316528
0.316614
0.316699
0.316785
0.316871
0.316956
0.317042
0.317127
0.317213
0.317299
0.317384
0.31747
0.317556
0.317641
0.317727
0.317813
0.317898
0.317984
0.318069
0.318155
0.318241
0.318326
0.318412
0.318498
0.318583
0.318669
0.318755
0.31884
0.318926
0.319011
0.319097
0.319183
0.319268
0.319354
0.31944
0.319525
0.319611
0.319697
0.319782
0.319868
0.319954
0.320039
0.320125
0.320211
0.320296
0.320382
0.320467
0.320553
0.320639
0.320724
0.32081
0.320896
0.320981
0.321067
0.321153
0.321238
0.321324
0.32141
0.321495
0.321581
0.321667
0.321752
0.321838
0.321924
0.322009
0.322095
0.32218
0.322266
0.322352
0.322437
0.322523
0.322609
0.322694
0.32278
0.322866
0.322951
0.323037
0.323123
0.323208
0.323294
0.32338
0.323465
0.323551
0.323637
0.323722
0.323808
0.323894
0.323979
0.324065
0.324151
0.324236
0.324322
0.324408
0.324493
0.324579
0.324665
0.32475
0.324836
0.324922
0.325007
0.325093
0.325179
0.325264
0.32535
0.325436
0.325521
0.325607
0.325693
0.325778
0.325864
0.32595
0.326035
0.326121
0.326207
0.326292
0.326378
0.326464
0.326549
0.326635
0.326721
0.326806
0.326892
0.326978
0.327063
0.327149
0.327235
0.32732
0.327406
0.327492
0.327577
0.327663
0.327749
0.327834
0.32792
0.328006
0.328091
0.328177
0.328263
0.328349
0.328434
0.32852
0.328606
0.328691
0.328777
0.328863
0.328948
0.329034
0.32912
0.329205
0.329291
0.329377
0.329462
0.329548
0.329634
0.329719
0.329805
0.329891
0.329976
0.330062
0.330148
0.330234
0.330319
0.330405
0.330491
0.330576
0.330662
0.330748
0.330833
0.330919
0.331005
0.33109
0.331176
0.331262
0.331347
0.331433
0.331519
0.331605
0.33169
0.331776
0.331862
0.331947
0.332033
0.332119
0.332204
0.33229
0.332376
0.332461
0.332547
0.332633
0.332719
0.332804
0.33289
0.332976
0.333061
0.333147
0.333233
0.333318
0.333404
0.33349
0.333576
0.333661
0.333747
0.333833
0.333918
0.334004
0.33409
0.334175
0.334261
0.334347
0.334433
0.334518
0.334604
0.33469
0.334775
0.334861
0.334947
0.335033
0.335118
0.335204
0.33529
0.335375
0.335461
0.335547
0.335632
0.335718
0.335804
0.33589
0.335975
0.336061
0.336147
0.336232
0.336318
0.336404
0.33649
0.336575
0.336661
0.336747
0.336832
0.336918
0.337004
0.33709
0.337175
0.337261
0.337347
0.337432
0.337518
0.337604
0.33769
0.337775
0.337861
0.337947
0.338032
0.338118
0.338204
0.33829
0.338375
0.338461
0.338547
0.338632
0.338718
0.338804
0.33889
0.338975
0.339061
0.339147
0.339232
0.339318
0.339404
0.33949
0.339575
0.339661
0.339747
0.339833
0.339918
0.340004
0.34009
0.340175
0.340261
0.340347
0.340433
0.340518
0.340604
0.34069
0.340776
0.340861
0.340947
0.341033
0.341118
0.341204
0.34129
0.341376
0.341461
0.341547
0.341633
0.341719
0.341804
0.34189
0.341976
0.342062
0.342147
0.342233
0.342319
0.342404
0.34249
0.342576
0.342662
0.342747
0.342833
0.342919
0.343005
0.34309
0.343176
0.343262
0.343348
0.343433
0.343519
0.343605
0.343691
0.343776
0.343862
0.343948
0.344033
0.344119
0.344205
0.344291
0.344376
0.344462
0.344548
0.344634
0.344719
0.344805
0.344891
0.344977
0.345062
0.345148
0.345234
0.34532
0.345405
0.345491
0.345577
0.345663
0.345748
0.345834
0.34592
0.346006
0.346091
0.346177
0.346263
0.346349
0.346434
0.34652
0.346606
0.346692
0.346777
0.346863
0.346949
0.347035
0.34712
0.347206
0.347292
0.347378
0.347463
0.347549
0.347635
0.347721
0.347806
0.347892
0.347978
0.348064
0.348149
0.348235
0.348321
0.348407
0.348493
0.348578
0.348664
0.34875
0.348836
0.348921
0.349007
0.349093
0.349179
0.349264
0.34935
0.349436
0.349522
0.349607
0.349693
0.349779
0.349865
0.34995
0.350036
0.350122
0.350208
0.350294
0.350379
0.350465
0.350551
0.350637
0.350722
0.350808
0.350894
0.35098
0.351065
0.351151
0.351237
0.351323
0.351409
0.351494
0.35158
0.351666
0.351752
0.351837
0.351923
0.352009
0.352095
0.352181
0.352266
0.352352
0.352438
0.352524
0.352609
0.352695
0.352781
0.352867
0.352953
0.353038
0.353124
0.35321
0.353296
0.353381
0.353467
0.353553
0.353639
0.353725
0.35381
0.353896
0.353982
0.354068
0.354153
0.354239
0.354325
0.354411
0.354497
0.354582
0.354668
0.354754
0.35484
0.354925
0.355011
0.355097
0.355183
0.355269
0.355354
0.35544
0.355526
0.355612
0.355698
0.355783
0.355869
0.355955
0.356041
0.356127
0.356212
0.356298
0.356384
0.35647
0.356555
0.356641
0.356727
0.356813
0.356899
0.356984
0.35707
0.357156
0.357242
0.357328
0.357413
0.357499
0.357585
0.357671
0.357757
0.357842
0.357928
0.358014
0.3581
0.358186
0.358271
0.358357
0.358443
0.358529
0.358615
0.3587
0.358786
0.358872
0.358958
0.359044
0.359129
0.359215
0.359301
0.359387
0.359473
0.359558
0.359644
0.35973
0.359816
0.359902
0.359987
0.360073
0.360159
0.360245
0.360331
0.360417
0.360502
0.360588
0.360674
0.36076
0.360846
0.360931
0.361017
0.361103
0.361189
0.361275
0.36136
0.361446
0.361532
0.361618
0.361704
0.361789
0.361875
0.361961
0.362047
0.362133
0.362219
0.362304
0.36239
0.362476
0.362562
0.362648
0.362733
0.362819
0.362905
0.362991
0.363077
0.363163
0.363248
0.363334
0.36342
0.363506
0.363592
0.363677
0.363763
0.363849
0.363935
0.364021
0.364107
0.364192
0.364278
0.364364
0.36445
0.364536
0.364622
0.364707
0.364793
0.364879
0.364965
0.365051
0.365137
0.365222
0.365308
0.365394
0.36548
0.365566
0.365651
0.365737
0.365823
0.365909
0.365995
0.366081
0.366166
0.366252
0.366338
0.366424
0.36651
0.366596
0.366681
0.366767
0.366853
0.366939
0.367025
0.367111
0.367196
0.367282
0.367368
0.367454
0.36754
0.367626
0.367712
0.367797
0.367883
0.367969
0.368055
0.368141
0.368227
0.368312
0.368398
0.368484
0.36857
0.368656
0.368742
0.368827
0.368913
0.368999
0.369085
0.369171
0.369257
0.369343
0.369428
0.369514
0.3696
0.369686
0.369772
0.369858
0.369943
0.370029
0.370115
0.370201
0.370287
0.370373
0.370459
0.370544
0.37063
0.370716
0.370802
0.370888
0.370974
0.371059
0.371145
0.371231
0.371317
0.371403
0.371489
0.371575
0.37166
0.371746
0.371832
0.371918
0.372004
0.37209
0.372176
0.372261
0.372347
0.372433
0.372519
0.372605
0.372691
0.372777
0.372862
0.372948
0.373034
0.37312
0.373206
0.373292
0.373378
0.373463
0.373549
0.373635
0.373721
0.373807
0.373893
0.373979
0.374065
0.37415
0.374236
0.374322
0.374408
0.374494
0.37458
0.374666
0.374751
0.374837
0.374923
0.375009
0.375095
0.375181
0.375267
0.375353
0.375438
0.375524
0.37561
0.375696
0.375782
0.375868
0.375954
0.37604
0.376125
0.376211
0.376297
0.376383
0.376469
0.376555
0.376641
0.376727
0.376812
0.376898
0.376984
0.37707
0.377156
0.377242
0.377328
0.377414
0.377499
0.377585
0.377671
0.377757
0.377843
0.377929
0.378015
0.378101
0.378186
0.378272
0.378358
0.378444
0.37853
0.378616
0.378702
0.378788
0.378874
0.378959
0.379045
0.379131
0.379217
0.379303
0.379389
0.379475
0.379561
0.379647
0.379732
0.379818
0.379904
0.37999
0.380076
0.380162
0.380248
0.380334
0.38042
0.380505
0.380591
0.380677
0.380763
0.380849
0.380935
0.381021
0.381107
0.381193
0.381278
0.381364
0.38145
0.381536
0.381622
0.381708
0.381794
0.38188
0.381966
0.382052
0.382137
0.382223
0.382309
0.382395
0.382481
0.382567
0.382653
0.382739
0.382825
0.382911
0.382996
0.383082
0.383168
0.383254
0.38334
0.383426
0.383512
0.383598
0.383684
0.38377
0.383855
0.383941
0.384027
0.384113
0.384199
0.384285
0.384371
0.384457
0.384543
0.384629
0.384715
0.3848
0.384886
0.384972
0.385058
0.385144
0.38523
0.385316
0.385402
0.385488
0.385574
0.38566
0.385745
0.385831
0.385917
0.386003
0.386089
0.386175
0.386261
0.386347
0.386433
0.386519
0.386605
0.386691
0.386776
0.386862
0.386948
0.387034
0.38712
0.387206
0.387292
0.387378
0.387464
0.38755
0.387636
0.387722
0.387808
0.387893
0.387979
0.388065
0.388151
0.388237
0.388323
0.388409
0.388495
0.388581
0.388667
0.388753
0.388839
0.388925
0.38901
0.389096
0.389182
0.389268
0.389354
0.38944
0.389526
0.389612
0.389698
0.389784
0.38987
0.389956
0.390042
0.390128
0.390214
0.390299
0.390385
0.390471
0.390557
0.390643
0.390729
0.390815
0.390901
0.390987
0.391073
0.391159
0.391245
0.391331
0.391417
0.391503
0.391588
0.391674
0.39176
0.391846
0.391932
0.392018
0.392104
0.39219
0.392276
0.392362
0.392448
0.392534
0.39262
0.392706
0.392792
0.392878
0.392964
0.393049
0.393135
0.393221
0.393307
0.393393
0.393479
0.393565
0.393651
0.393737
0.393823
0.393909
0.393995
0.394081
0.394167
0.394253
0.394339
0.394425
0.394511
0.394597
0.394682
0.394768
0.394854
0.39494
0.395026
0.395112
0.395198
0.395284
0.39537
0.395456
0.395542
0.395628
0.395714
0.3958
0.395886
0.395972
0.396058
0.396144
0.39623
0.396316
0.396402
0.396488
0.396574
0.396659
0.396745
0.396831
0.396917
0.397003
0.397089
0.397175
0.397261
0.397347
0.397433
0.397519
0.397605
0.397691
0.397777
0.397863
0.397949
0.398035
0.398121
0.398207
0.398293
0.398379
0.398465
0.398551
0.398637
0.398723
0.398809
0.398895
0.398981
0.399066
0.399152
0.399238
0.399324
0.39941
0.399496
0.399582
0.399668
0.399754
0.39984
0.399926
0.400012
0.400098
0.400184
0.40027
0.400356
0.400442
0.400528
0.400614
0.4007
0.400786
0.400872
0.400958
0.401044
0.40113
0.401216
0.401302
0.401388
0.401474
0.40156
0.401646
0.401732
0.401818
0.401904
0.40199
0.402076
0.402162
0.402248
0.402334
0.40242
0.402506
0.402592
0.402678
0.402764
0.40285
0.402935
0.403021
0.403107
0.403193
0.403279
0.403365
0.403451
0.403537
0.403623
0.403709
0.403795
0.403881
0.403967
0.404053
0.404139
0.404225
0.404311
0.404397
0.404483
0.404569
0.404655
0.404741
0.404827
0.404913
0.404999
0.405085
0.405171
0.405257
0.405343
0.405429
0.405515
0.405601
0.405687
0.405773
0.405859
0.405945
0.406031
0.406117
0.406203
0.406289
0.406375
0.406461
0.406547
0.406633
0.406719
0.406805
0.406891
0.406977
0.407063
0.407149
0.407235
0.407321
0.407407
0.407493
0.407579
0.407665
0.407751
0.407837
0.407923
0.408009
0.408095
0.408181
0.408267
0.408353
0.408439
0.408525
0.408611
0.408697
0.408783
0.408869
0.408955
0.409041
0.409127
0.409213
0.409299
0.409385
0.409472
0.409558
0.409644
0.40973
0.409816
0.409902
0.409988
0.410074
0.41016
0.410246
0.410332
0.410418
0.410504
0.41059
0.410676
0.410762
0.410848
0.410934
0.41102
0.411106
0.411192
0.411278
0.411364
0.41145
0.411536
0.411622
0.411708
0.411794
0.41188
0.411966
0.412052
0.412138
0.412224
0.41231
0.412396
0.412482
0.412568
0.412654
0.41274
0.412826
0.412912
0.412998
0.413084
0.41317
0.413256
0.413343
0.413429
0.413515
0.413601
0.413687
0.413773
0.413859
0.413945
0.414031
0.414117
0.414203
0.414289
0.414375
0.414461
0.414547
0.414633
0.414719
0.414805
0.414891
0.414977
0.415063
0.415149
0.415235
0.415321
0.415407
0.415493
0.415579
0.415665
0.415751
0.415838
0.415924
0.41601
0.416096
0.416182
0.416268
0.416354
0.41644
0.416526
0.416612
0.416698
0.416784
0.41687
0.416956
0.417042
0.417128
0.417214
0.4173
0.417386
0.417472
0.417558
0.417644
0.417731
0.417817
0.417903
0.417989
0.418075
0.418161
0.418247
0.418333
0.418419
0.418505
0.418591
0.418677
0.418763
0.418849
0.418935
0.419021
0.419107
0.419193
0.419279
0.419366
0.419452
0.419538
0.419624
0.41971
0.419796
0.419882
0.419968
0.420054
0.42014
0.420226
0.420312
0.420398
0.420484
0.42057
0.420656
0.420742
0.420829
0.420915
0.421001
0.421087
0.421173
0.421259
0.421345
0.421431
0.421517
0.421603
0.421689
0.421775
0.421861
0.421947
0.422033
0.42212
0.422206
0.422292
0.422378
0.422464
0.42255
0.422636
0.422722
0.422808
0.422894
0.42298
0.423066
0.423152
0.423238
0.423324
0.423411
0.423497
0.423583
0.423669
0.423755
0.423841
0.423927
0.424013
0.424099
0.424185
0.424271
0.424357
0.424443
0.42453
0.424616
0.424702
0.424788
0.424874
0.42496
0.425046
0.425132
0.425218
0.425304
0.42539
0.425476
0.425563
0.425649
0.425735
0.425821
0.425907
0.425993
0.426079
0.426165
0.426251
0.426337
0.426423
0.426509
0.426596
0.426682
0.426768
0.426854
0.42694
0.427026
0.427112
0.427198
0.427284
0.42737
0.427456
0.427543
0.427629
0.427715
0.427801
0.427887
0.427973
0.428059
0.428145
0.428231
0.428317
0.428403
0.42849
0.428576
0.428662
0.428748
0.428834
0.42892
0.429006
0.429092
0.429178
0.429264
0.42935
0.429437
0.429523
0.429609
0.429695
0.429781
0.429867
0.429953
0.430039
0.430125
0.430211
0.430298
0.430384
0.43047
0.430556
0.430642
0.430728
0.430814
0.4309
0.430986
0.431073
0.431159
0.431245
0.431331
0.431417
0.431503
0.431589
0.431675
0.431761
0.431847
0.431934
0.43202
0.432106
0.432192
0.432278
0.432364
0.43245
0.432536
0.432622
0.432709
0.432795
0.432881
0.432967
0.433053
0.433139
0.433225
0.433311
0.433398
0.433484
0.43357
0.433656
0.433742
0.433828
0.433914
0.434
0.434086
0.434173
0.434259
0.434345
0.434431
0.434517
0.434603
0.434689
0.434775
0.434862
0.434948
0.435034
0.43512
0.435206
0.435292
0.435378
0.435464
0.435551
0.435637
0.435723
0.435809
0.435895
0.435981
0.436067
0.436153
0.43624
0.436326
0.436412
0.436498
0.436584
0.43667
0.436756
0.436842
0.436929
0.437015
0.437101
0.437187
0.437273
0.437359
0.437445
0.437531
0.437618
0.437704
0.43779
0.437876
0.437962
0.438048
0.438134
0.438221
0.438307
0.438393
0.438479
0.438565
0.438651
0.438737
0.438824
0.43891
0.438996
0.439082
0.439168
0.439254
0.43934
0.439427
0.439513
0.439599
0.439685
0.439771
0.439857
0.439943
0.44003
0.440116
0.440202
0.440288
0.440374
0.44046
0.440546
0.440633
0.440719
0.440805
0.440891
0.440977
0.441063
0.441149
0.441236
0.441322
0.441408
0.441494
0.44158
0.441666
0.441752
0.441839
0.441925
0.442011
0.442097
0.442183
0.442269
0.442356
0.442442
0.442528
0.442614
0.4427
0.442786
0.442872
0.442959
0.443045
0.443131
0.443217
0.443303
0.443389
0.443476
0.443562
0.443648
0.443734
0.44382
0.443906
0.443993
0.444079
0.444165
0.444251
0.444337
0.444423
0.444509
0.444596
0.444682
0.444768
0.444854
0.44494
0.445026
0.445113
0.445199
0.445285
0.445371
0.445457
0.445543
0.44563
0.445716
0.445802
0.445888
0.445974
0.44606
0.446147
0.446233
0.446319
0.446405
0.446491
0.446578
0.446664
0.44675
0.446836
0.446922
0.447008
0.447095
0.447181
0.447267
0.447353
0.447439
0.447525
0.447612
0.447698
0.447784
0.44787
0.447956
0.448042
0.448129
0.448215
0.448301
0.448387
0.448473
0.44856
0.448646
0.448732
0.448818
0.448904
0.44899
0.449077
0.449163
0.449249
0.449335
0.449421
0.449508
0.449594
0.44968
0.449766
0.449852
0.449938
0.450025
0.450111
0.450197
0.450283
0.450369
0.450456
0.450542
0.450628
0.450714
0.4508
0.450887
0.450973
0.451059
0.451145
0.451231
0.451318
0.451404
0.45149
0.451576
0.451662
0.451748
0.451835
0.451921
0.452007
0.452093
0.452179
0.452266
0.452352
0.452438
0.452524
0.45261
0.452697
0.452783
0.452869
0.452955
0.453041
0.453128
0.453214
0.4533
0.453386
0.453472
0.453559
0.453645
0.453731
0.453817
0.453903
0.45399
0.454076
0.454162
0.454248
0.454334
0.454421
0.454507
0.454593
0.454679
0.454765
0.454852
0.454938
0.455024
0.45511
0.455197
0.455283
0.455369
0.455455
0.455541
0.455628
0.455714
0.4558
0.455886
0.455972
0.456059
0.456145
0.456231
0.456317
0.456403
0.45649
0.456576
0.456662
0.456748
0.456835
0.456921
0.457007
0.457093
0.457179
0.457266
0.457352
0.457438
0.457524
0.457611
0.457697
0.457783
0.457869
0.457955
0.458042
0.458128
0.458214
0.4583
0.458386
0.458473
0.458559
0.458645
0.458731
0.458818
0.458904
0.45899
0.459076
0.459163
0.459249
0.459335
0.459421
0.459507
0.459594
0.45968
0.459766
0.459852
0.459939
0.460025
0.460111
0.460197
0.460283
0.46037
0.460456
0.460542
0.460628
0.460715
0.460801
0.460887
0.460973
0.46106
0.461146
0.461232
0.461318
0.461404
0.461491
0.461577
0.461663
0.461749
0.461836
0.461922
0.462008
0.462094
0.462181
0.462267
0.462353
0.462439
0.462526
0.462612
0.462698
0.462784
0.462871
0.462957
0.463043
0.463129
0.463216
0.463302
0.463388
0.463474
0.46356
0.463647
0.463733
0.463819
0.463905
0.463992
0.464078
0.464164
0.46425
0.464337
0.464423
0.464509
0.464595
0.464682
0.464768
0.464854
0.46494
0.465027
0.465113
0.465199
0.465285
0.465372
0.465458
0.465544
0.46563
0.465717
0.465803
0.465889
0.465975
0.466062
0.466148
0.466234
0.46632
0.466407
0.466493
0.466579
0.466666
0.466752
0.466838
0.466924
0.467011
0.467097
0.467183
0.467269
0.467356
0.467442
0.467528
0.467614
0.467701
0.467787
0.467873
0.467959
0.468046
0.468132
0.468218
0.468304
0.468391
0.468477
0.468563
0.46865
0.468736
0.468822
0.468908
0.468995
0.469081
0.469167
0.469253
0.46934
0.469426
0.469512
0.469598
0.469685
0.469771
0.469857
0.469944
0.47003
0.470116
0.470202
0.470289
0.470375
0.470461
0.470547
0.470634
0.47072
0.470806
0.470893
0.470979
0.471065
0.471151
0.471238
0.471324
0.47141
0.471496
0.471583
0.471669
0.471755
0.471842
0.471928
0.472014
0.4721
0.472187
0.472273
0.472359
0.472446
0.472532
0.472618
0.472704
0.472791
0.472877
0.472963
0.47305
0.473136
0.473222
0.473308
0.473395
0.473481
0.473567
0.473654
0.47374
0.473826
0.473912
0.473999
0.474085
0.474171
0.474258
0.474344
0.47443
0.474516
0.474603
0.474689
0.474775
0.474862
0.474948
0.475034
0.47512
0.475207
0.475293
0.475379
0.475466
0.475552
0.475638
0.475725
0.475811
0.475897
0.475983
0.47607
0.476156
0.476242
0.476329
0.476415
0.476501
0.476588
0.476674
0.47676
0.476846
0.476933
0.477019
0.477105
0.477192
0.477278
0.477364
0.477451
0.477537
0.477623
0.477709
0.477796
0.477882
0.477968
0.478055
0.478141
0.478227
0.478314
0.4784
0.478486
0.478572
0.478659
0.478745
0.478831
0.478918
0.479004
0.47909
0.479177
0.479263
0.479349
0.479436
0.479522
0.479608
0.479695
0.479781
0.479867
0.479953
0.48004
0.480126
0.480212
0.480299
0.480385
0.480471
0.480558
0.480644
0.48073
0.480817
0.480903
0.480989
0.481076
0.481162
0.481248
0.481335
0.481421
0.481507
0.481593
0.48168
0.481766
0.481852
0.481939
0.482025
0.482111
0.482198
0.482284
0.48237
0.482457
0.482543
0.482629
0.482716
0.482802
0.482888
0.482975
0.483061
0.483147
0.483234
0.48332
0.483406
0.483493
0.483579
0.483665
0.483752
0.483838
0.483924
0.484011
0.484097
0.484183
0.48427
0.484356
0.484442
0.484529
0.484615
0.484701
0.484788
0.484874
0.48496
0.485047
0.485133
0.485219
0.485306
0.485392
0.485478
0.485565
0.485651
0.485737
0.485824
0.48591
0.485996
0.486083
0.486169
0.486255
0.486342
0.486428
0.486514
0.486601
0.486687
0.486773
0.48686
0.486946
0.487032
0.487119
0.487205
0.487291
0.487378
0.487464
0.48755
0.487637
0.487723
0.487809
0.487896
0.487982
0.488069
0.488155
0.488241
0.488328
0.488414
0.4885
0.488587
0.488673
0.488759
0.488846
0.488932
0.489018
0.489105
0.489191
0.489277
0.489364
0.48945
0.489537
0.489623
0.489709
0.489796
0.489882
0.489968
0.490055
0.490141
0.490227
0.490314
0.4904
0.490486
0.490573
0.490659
0.490745
0.490832
0.490918
0.491005
0.491091
0.491177
0.491264
0.49135
0.491436
0.491523
0.491609
0.491695
0.491782
0.491868
0.491955
0.492041
0.492127
0.492214
0.4923
0.492386
0.492473
0.492559
0.492645
0.492732
0.492818
0.492905
0.492991
0.493077
0.493164
0.49325
0.493336
0.493423
0.493509
0.493596
0.493682
0.493768
0.493855
0.493941
0.494027
0.494114
0.4942
0.494287
0.494373
0.494459
0.494546
0.494632
0.494718
0.494805
0.494891
0.494978
0.495064
0.49515
0.495237
0.495323
0.495409
0.495496
0.495582
0.495669
0.495755
0.495841
0.495928
0.496014
0.4961
0.496187
0.496273
0.49636
0.496446
0.496532
0.496619
0.496705
0.496792
0.496878
0.496964
0.497051
0.497137
0.497223
0.49731
0.497396
0.497483
0.497569
0.497655
0.497742
0.497828
0.497915
0.498001
0.498087
0.498174
0.49826
0.498346
0.498433
0.498519
0.498606
0.498692
0.498778
0.498865
0.498951
0.499038
0.499124
0.49921
0.499297
0.499383
0.49947
0.499556
0.499642
0.499729
0.499815
0.499902
0.499988
0.500074
0.500161
0.500247
0.500334
0.50042
0.500506
0.500593
0.500679
0.500766
0.500852
0.500938
0.501025
0.501111
0.501198
0.501284
0.50137
0.501457
0.501543
0.50163
0.501716
0.501802
0.501889
0.501975
0.502062
0.502148
0.502234
0.502321
0.502407
0.502494
0.50258
0.502667
0.502753
0.502839
0.502926
0.503012
0.503099
0.503185
0.503271
0.503358
0.503444
0.503531
0.503617
0.503703
0.50379
0.503876
0.503963
0.504049
0.504136
0.504222
0.504308
0.504395
0.504481
0.504568
0.504654
0.50474
0.504827
0.504913
0.505
0.505086
0.505173
0.505259
0.505345
0.505432
0.505518
0.505605
0.505691
0.505777
0.505864
0.50595
0.506037
0.506123
0.50621
0.506296
0.506382
0.506469
0.506555
0.506642
0.506728
0.506815
0.506901
0.506987
0.507074
0.50716
0.507247
0.507333
0.50742
0.507506
0.507592
0.507679
0.507765
0.507852
0.507938
0.508025
0.508111
0.508197
0.508284
0.50837
0.508457
0.508543
0.50863
0.508716
0.508802
0.508889
0.508975
0.509062
0.509148
0.509235
0.509321
0.509408
0.509494
0.50958
0.509667
0.509753
0.50984
0.509926
0.510013
0.510099
0.510185
0.510272
0.510358
0.510445
0.510531
0.510618
0.510704
0.510791
0.510877
0.510963
0.51105
0.511136
0.511223
0.511309
0.511396
0.511482
0.511569
0.511655
0.511741
0.511828
0.511914
0.512001
0.512087
0.512174
0.51226
0.512347
0.512433
0.512519
0.512606
0.512692
0.512779
0.512865
0.512952
0.513038
0.513125
0.513211
0.513298
0.513384
0.51347
0.513557
0.513643
0.51373
0.513816
0.513903
0.513989
0.514076
0.514162
0.514249
0.514335
0.514421
0.514508
0.514594
0.514681
0.514767
0.514854
0.51494
0.515027
0.515113
0.5152
0.515286
0.515373
0.515459
0.515545
0.515632
0.515718
0.515805
0.515891
0.515978
0.516064
0.516151
0.516237
0.516324
0.51641
0.516497
0.516583
0.51667
0.516756
0.516842
0.516929
0.517015
0.517102
0.517188
0.517275
0.517361
0.517448
0.517534
0.517621
0.517707
0.517794
0.51788
0.517967
0.518053
0.51814
0.518226
0.518312
0.518399
0.518485
0.518572
0.518658
0.518745
0.518831
0.518918
0.519004
0.519091
0.519177
0.519264
0.51935
0.519437
0.519523
0.51961
0.519696
0.519783
0.519869
0.519956
0.520042
0.520129
0.520215
0.520301
0.520388
0.520474
0.520561
0.520647
0.520734
0.52082
0.520907
0.520993
0.52108
0.521166
0.521253
0.521339
0.521426
0.521512
0.521599
0.521685
0.521772
0.521858
0.521945
0.522031
0.522118
0.522204
0.522291
0.522377
0.522464
0.52255
0.522637
0.522723
0.52281
0.522896
0.522983
0.523069
0.523156
0.523242
0.523329
0.523415
0.523502
0.523588
0.523675
0.523761
0.523848
0.523934
0.524021
0.524107
0.524194
0.52428
0.524367
0.524453
0.52454
0.524626
0.524713
0.524799
0.524886
0.524972
0.525059
0.525145
0.525232
0.525318
0.525405
0.525491
0.525578
0.525664
0.525751
0.525837
0.525924
0.52601
0.526097
0.526183
0.52627
0.526356
0.526443
0.526529
0.526616
0.526702
0.526789
0.526875
0.526962
0.527048
0.527135
0.527221
0.527308
0.527394
0.527481
0.527567
0.527654
0.52774
0.527827
0.527913
0.528
0.528086
0.528173
0.528259
0.528346
0.528432
0.528519
0.528605
0.528692
0.528779
0.528865
0.528952
0.529038
0.529125
0.529211
0.529298
0.529384
0.529471
0.529557
0.529644
0.52973
0.529817
0.529903
0.52999
0.530076
0.530163
0.530249
0.530336
0.530422
0.530509
0.530595
0.530682
0.530769
0.530855
0.530942
0.531028
0.531115
0.531201
0.531288
0.531374
0.531461
0.531547
0.531634
0.53172
0.531807
0.531893
0.53198
0.532066
0.532153
0.53224
0.532326
0.532413
0.532499
0.532586
0.532672
0.532759
0.532845
0.532932
0.533018
0.533105
0.533191
0.533278
0.533364
0.533451
0.533538
0.533624
0.533711
0.533797
0.533884
0.53397
0.534057
0.534143
0.53423
0.534316
0.534403
0.534489
0.534576
0.534663
0.534749
0.534836
0.534922
0.535009
0.535095
0.535182
0.535268
0.535355
0.535441
0.535528
0.535615
0.535701
0.535788
0.535874
0.535961
0.536047
0.536134
0.53622
0.536307
0.536393
0.53648
0.536567
0.536653
0.53674
0.536826
0.536913
0.536999
0.537086
0.537172
0.537259
0.537346
0.537432
0.537519
0.537605
0.537692
0.537778
0.537865
0.537951
0.538038
0.538125
0.538211
0.538298
0.538384
0.538471
0.538557
0.538644
0.53873
0.538817
0.538904
0.53899
0.539077
0.539163
0.53925
0.539336
0.539423
0.53951
0.539596
0.539683
0.539769
0.539856
0.539942
0.540029
0.540115
0.540202
0.540289
0.540375
0.540462
0.540548
0.540635
0.540721
0.540808
0.540895
0.540981
0.541068
0.541154
0.541241
0.541327
0.541414
0.541501
0.541587
0.541674
0.54176
0.541847
0.541933
0.54202
0.542107
0.542193
0.54228
0.542366
0.542453
0.542539
0.542626
0.542713
0.542799
0.542886
0.542972
0.543059
0.543145
0.543232
0.543319
0.543405
0.543492
0.543578
0.543665
0.543751
0.543838
0.543925
0.544011
0.544098
0.544184
0.544271
0.544358
0.544444
0.544531
0.544617
0.544704
0.54479
0.544877
0.544964
0.54505
0.545137
0.545223
0.54531
0.545397
0.545483
0.54557
0.545656
0.545743
0.545829
0.545916
0.546003
0.546089
0.546176
0.546262
0.546349
0.546436
0.546522
0.546609
0.546695
0.546782
0.546869
0.546955
0.547042
0.547128
0.547215
0.547302
0.547388
0.547475
0.547561
0.547648
0.547735
0.547821
0.547908
0.547994
0.548081
0.548168
0.548254
0.548341
0.548427
0.548514
0.5486
0.548687
0.548774
0.54886
0.548947
0.549033
0.54912
0.549207
0.549293
0.54938
0.549467
0.549553
0.54964
0.549726
0.549813
0.5499
0.549986
0.550073
0.550159
0.550246
0.550333
0.550419
0.550506
0.550592
0.550679
0.550766
0.550852
0.550939
0.551025
0.551112
0.551199
0.551285
0.551372
0.551458
0.551545
0.551632
0.551718
0.551805
0.551892
0.551978
0.552065
0.552151
0.552238
0.552325
0.552411
0.552498
0.552584
0.552671
0.552758
0.552844
0.552931
0.553018
0.553104
0.553191
0.553277
0.553364
0.553451
0.553537
0.553624
0.55371
0.553797
0.553884
0.55397
0.554057
0.554144
0.55423
0.554317
0.554403
0.55449
0.554577
0.554663
0.55475
0.554837
0.554923
0.55501
0.555096
0.555183
0.55527
0.555356
0.555443
0.55553
0.555616
0.555703
0.555789
0.555876
0.555963
0.556049
0.556136
0.556223
0.556309
0.556396
0.556483
0.556569
0.556656
0.556742
0.556829
0.556916
0.557002
0.557089
0.557176
0.557262
0.557349
0.557435
0.557522
0.557609
0.557695
0.557782
0.557869
0.557955
0.558042
0.558129
0.558215
0.558302
0.558388
0.558475
0.558562
0.558648
0.558735
0.558822
0.558908
0.558995
0.559082
0.559168
0.559255
0.559342
0.559428
0.559515
0.559601
0.559688
0.559775
0.559861
0.559948
0.560035
0.560121
0.560208
0.560295
0.560381
0.560468
0.560555
0.560641
0.560728
0.560815
0.560901
0.560988
0.561074
0.561161
0.561248
0.561334
0.561421
0.561508
0.561594
0.561681
0.561768
0.561854
0.561941
0.562028
0.562114
0.562201
0.562288
0.562374
0.562461
0.562548
0.562634
0.562721
0.562808
0.562894
0.562981
0.563068
0.563154
0.563241
0.563328
0.563414
0.563501
0.563587
0.563674
0.563761
0.563847
0.563934
0.564021
0.564107
0.564194
0.564281
0.564367
0.564454
0.564541
0.564627
0.564714
0.564801
0.564887
0.564974
0.565061
0.565147
0.565234
0.565321
0.565407
0.565494
0.565581
0.565667
0.565754
0.565841
0.565927
0.566014
0.566101
0.566187
0.566274
0.566361
0.566447
0.566534
0.566621
0.566707
0.566794
0.566881
0.566968
0.567054
0.567141
0.567228
0.567314
0.567401
0.567488
0.567574
0.567661
0.567748
0.567834
0.567921
0.568008
0.568094
0.568181
0.568268
0.568354
0.568441
0.568528
0.568614
0.568701
0.568788
0.568874
0.568961
0.569048
0.569134
0.569221
0.569308
0.569395
0.569481
0.569568
0.569655
0.569741
0.569828
0.569915
0.570001
0.570088
0.570175
0.570261
0.570348
0.570435
0.570521
0.570608
0.570695
0.570782
0.570868
0.570955
0.571042
0.571128
0.571215
0.571302
0.571388
0.571475
0.571562
0.571648
0.571735
0.571822
0.571909
0.571995
0.572082
0.572169
0.572255
0.572342
0.572429
0.572515
0.572602
0.572689
0.572775
0.572862
0.572949
0.573036
0.573122
0.573209
0.573296
0.573382
0.573469
0.573556
0.573642
0.573729
0.573816
0.573903
0.573989
0.574076
0.574163
0.574249
0.574336
0.574423
0.574509
0.574596
0.574683
0.57477
0.574856
0.574943
0.57503
0.575116
0.575203
0.57529
0.575377
0.575463
0.57555
0.575637
0.575723
0.57581
0.575897
0.575984
0.57607
0.576157
0.576244
0.57633
0.576417
0.576504
0.576591
0.576677
0.576764
0.576851
0.576937
0.577024
0.577111
0.577197
0.577284
0.577371
0.577458
0.577544
0.577631
0.577718
0.577805
0.577891
0.577978
0.578065
0.578151
0.578238
0.578325
0.578412
0.578498
0.578585
0.578672
0.578758
0.578845
0.578932
0.579019
0.579105
0.579192
0.579279
0.579365
0.579452
0.579539
0.579626
0.579712
0.579799
0.579886
0.579973
0.580059
0.580146
0.580233
0.580319
0.580406
0.580493
0.58058
0.580666
0.580753
0.58084
0.580927
0.581013
0.5811
0.581187
0.581274
0.58136
0.581447
0.581534
0.58162
0.581707
0.581794
0.581881
0.581967
0.582054
0.582141
0.582228
0.582314
0.582401
0.582488
0.582575
0.582661
0.582748
0.582835
0.582921
0.583008
0.583095
0.583182
0.583268
0.583355
0.583442
0.583529
0.583615
0.583702
0.583789
0.583876
0.583962
0.584049
0.584136
0.584223
0.584309
0.584396
0.584483
0.58457
0.584656
0.584743
0.58483
0.584917
0.585003
0.58509
0.585177
0.585264
0.58535
0.585437
0.585524
0.585611
0.585697
0.585784
0.585871
0.585958
0.586044
0.586131
0.586218
0.586305
0.586391
0.586478
0.586565
0.586652
0.586738
0.586825
0.586912
0.586999
0.587085
0.587172
0.587259
0.587346
0.587432
0.587519
0.587606
0.587693
0.587779
0.587866
0.587953
0.58804
0.588126
0.588213
0.5883
0.588387
0.588473
0.58856
0.588647
0.588734
0.58882
0.588907
0.588994
0.589081
0.589168
0.589254
0.589341
0.589428
0.589515
0.589601
0.589688
0.589775
0.589862
0.589948
0.590035
0.590122
0.590209
0.590295
0.590382
0.590469
0.590556
0.590643
0.590729
0.590816
0.590903
0.59099
0.591076
0.591163
0.59125
0.591337
0.591423
0.59151
0.591597
0.591684
0.591771
0.591857
0.591944
0.592031
0.592118
0.592204
0.592291
0.592378
0.592465
0.592552
0.592638
0.592725
0.592812
0.592899
0.592985
0.593072
0.593159
0.593246
0.593333
0.593419
0.593506
0.593593
0.59368
0.593766
0.593853
0.59394
0.594027
0.594114
0.5942
0.594287
0.594374
0.594461
0.594547
0.594634
0.594721
0.594808
0.594895
0.594981
0.595068
0.595155
0.595242
0.595329
0.595415
0.595502
0.595589
0.595676
0.595763
0.595849
0.595936
0.596023
0.59611
0.596196
0.596283
0.59637
0.596457
0.596544
0.59663
0.596717
0.596804
0.596891
0.596978
0.597064
0.597151
0.597238
0.597325
0.597412
0.597498
0.597585
0.597672
0.597759
0.597846
0.597932
0.598019
0.598106
0.598193
0.59828
0.598366
0.598453
0.59854
0.598627
0.598714
0.5988
0.598887
0.598974
0.599061
0.599148
0.599234
0.599321
0.599408
0.599495
0.599582
0.599668
0.599755
0.599842
0.599929
0.600016
0.600102
0.600189
0.600276
0.600363
0.60045
0.600536
0.600623
0.60071
0.600797
0.600884
0.60097
0.601057
0.601144
0.601231
0.601318
0.601405
0.601491
0.601578
0.601665
0.601752
0.601839
0.601925
0.602012
0.602099
0.602186
0.602273
0.602359
0.602446
0.602533
0.60262
0.602707
0.602794
0.60288
0.602967
0.603054
0.603141
0.603228
0.603314
0.603401
0.603488
0.603575
0.603662
0.603749
0.603835
0.603922
0.604009
0.604096
0.604183
0.60427
0.604356
0.604443
0.60453
0.604617
0.604704
0.60479
0.604877
0.604964
0.605051
0.605138
0.605225
0.605311
0.605398
0.605485
0.605572
0.605659
0.605746
0.605832
0.605919
0.606006
0.606093
0.60618
0.606267
0.606353
0.60644
0.606527
0.606614
0.606701
0.606788
0.606874
0.606961
0.607048
0.607135
0.607222
0.607309
0.607395
0.607482
0.607569
0.607656
0.607743
0.60783
0.607916
0.608003
0.60809
0.608177
0.608264
0.608351
0.608437
0.608524
0.608611
0.608698
0.608785
0.608872
0.608958
0.609045
0.609132
0.609219
0.609306
0.609393
0.609479
0.609566
0.609653
0.60974
0.609827
0.609914
0.610001
0.610087
0.610174
0.610261
0.610348
0.610435
0.610522
0.610608
0.610695
0.610782
0.610869
0.610956
0.611043
0.61113
0.611216
0.611303
0.61139
0.611477
0.611564
0.611651
0.611738
0.611824
0.611911
0.611998
0.612085
0.612172
0.612259
0.612345
0.612432
0.612519
0.612606
0.612693
0.61278
0.612867
0.612953
0.61304
0.613127
0.613214
0.613301
0.613388
0.613475
0.613561
0.613648
0.613735
0.613822
0.613909
0.613996
0.614083
0.61417
0.614256
0.614343
0.61443
0.614517
0.614604
0.614691
0.614778
0.614864
0.614951
0.615038
0.615125
0.615212
0.615299
0.615386
0.615472
0.615559
0.615646
0.615733
0.61582
0.615907
0.615994
0.616081
0.616167
0.616254
0.616341
0.616428
0.616515
0.616602
0.616689
0.616776
0.616862
0.616949
0.617036
0.617123
0.61721
0.617297
0.617384
0.61747
0.617557
0.617644
0.617731
0.617818
0.617905
0.617992
0.618079
0.618166
0.618252
0.618339
0.618426
0.618513
0.6186
0.618687
0.618774
0.618861
0.618947
0.619034
0.619121
0.619208
0.619295
0.619382
0.619469
0.619556
0.619642
0.619729
0.619816
0.619903
0.61999
0.620077
0.620164
0.620251
0.620338
0.620424
0.620511
0.620598
0.620685
0.620772
0.620859
0.620946
0.621033
0.62112
0.621206
0.621293
0.62138
0.621467
0.621554
0.621641
0.621728
0.621815
0.621902
0.621988
0.622075
0.622162
0.622249
0.622336
0.622423
0.62251
0.622597
0.622684
0.62277
0.622857
0.622944
0.623031
0.623118
0.623205
0.623292
0.623379
0.623466
0.623553
0.623639
0.623726
0.623813
0.6239
0.623987
0.624074
0.624161
0.624248
0.624335
0.624422
0.624508
0.624595
0.624682
0.624769
0.624856
0.624943
0.62503
0.625117
0.625204
0.625291
0.625377
0.625464
0.625551
0.625638
0.625725
0.625812
0.625899
0.625986
0.626073
0.62616
0.626247
0.626333
0.62642
0.626507
0.626594
0.626681
0.626768
0.626855
0.626942
0.627029
0.627116
0.627203
0.627289
0.627376
0.627463
0.62755
0.627637
0.627724
0.627811
0.627898
0.627985
0.628072
0.628159
0.628246
0.628332
0.628419
0.628506
0.628593
0.62868
0.628767
0.628854
0.628941
0.629028
0.629115
0.629202
0.629289
0.629375
0.629462
0.629549
0.629636
0.629723
0.62981
0.629897
0.629984
0.630071
0.630158
0.630245
0.630332
0.630419
0.630505
0.630592
0.630679
0.630766
0.630853
0.63094
0.631027
0.631114
0.631201
0.631288
0.631375
0.631462
0.631549
0.631635
0.631722
0.631809
0.631896
0.631983
0.63207
0.632157
0.632244
0.632331
0.632418
0.632505
0.632592
0.632679
0.632766
0.632853
0.632939
0.633026
0.633113
0.6332
0.633287
0.633374
0.633461
0.633548
0.633635
0.633722
0.633809
0.633896
0.633983
0.63407
0.634157
0.634244
0.63433
0.634417
0.634504
0.634591
0.634678
0.634765
0.634852
0.634939
0.635026
0.635113
0.6352
0.635287
0.635374
0.635461
0.635548
0.635635
0.635722
0.635808
0.635895
0.635982
0.636069
0.636156
0.636243
0.63633
0.636417
0.636504
0.636591
0.636678
0.636765
0.636852
0.636939
0.637026
0.637113
0.6372
0.637287
0.637374
0.63746
0.637547
0.637634
0.637721
0.637808
0.637895
0.637982
0.638069
0.638156
0.638243
0.63833
0.638417
0.638504
0.638591
0.638678
0.638765
0.638852
0.638939
0.639026
0.639113
0.6392
0.639287
0.639374
0.63946
0.639547
0.639634
0.639721
0.639808
0.639895
0.639982
0.640069
0.640156
0.640243
0.64033
0.640417
0.640504
0.640591
0.640678
0.640765
0.640852
0.640939
0.641026
0.641113
0.6412
0.641287
0.641374
0.641461
0.641548
0.641635
0.641722
0.641808
0.641895
0.641982
0.642069
0.642156
0.642243
0.64233
0.642417
0.642504
0.642591
0.642678
0.642765
0.642852
0.642939
0.643026
0.643113
0.6432
0.643287
0.643374
0.643461
0.643548
0.643635
0.643722
0.643809
0.643896
0.643983
0.64407
0.644157
0.644244
0.644331
0.644418
0.644505
0.644592
0.644679
0.644766
0.644853
0.64494
0.645027
0.645114
0.6452
0.645287
0.645374
0.645461
0.645548
0.645635
0.645722
0.645809
0.645896
0.645983
0.64607
0.646157
0.646244
0.646331
0.646418
0.646505
0.646592
0.646679
0.646766
0.646853
0.64694
0.647027
0.647114
0.647201
0.647288
0.647375
0.647462
0.647549
0.647636
0.647723
0.64781
0.647897
0.647984
0.648071
0.648158
0.648245
0.648332
0.648419
0.648506
0.648593
0.64868
0.648767
0.648854
0.648941
0.649028
0.649115
0.649202
0.649289
0.649376
0.649463
0.64955
0.649637
0.649724
0.649811
0.649898
0.649985
0.650072
0.650159
0.650246
0.650333
0.65042
0.650507
0.650594
0.650681
0.650768
0.650855
0.650942
0.651029
0.651116
0.651203
0.65129
0.651377
0.651464
0.651551
0.651638
0.651725
0.651812
0.651899
0.651986
0.652073
0.65216
0.652247
0.652334
0.652421
0.652508
0.652595
0.652682
0.652769
0.652856
0.652943
0.65303
0.653117
0.653204
0.653291
0.653378
0.653465
0.653552
0.653639
0.653726
0.653813
0.6539
0.653987
0.654074
0.654161
0.654248
0.654335
0.654422
0.654509
0.654596
0.654683
0.65477
0.654857
0.654944
0.655031
0.655118
0.655205
0.655292
0.65538
0.655467
0.655554
0.655641
0.655728
0.655815
0.655902
0.655989
0.656076
0.656163
0.65625
0.656337
0.656424
0.656511
0.656598
0.656685
0.656772
0.656859
0.656946
0.657033
0.65712
0.657207
0.657294
0.657381
0.657468
0.657555
0.657642
0.657729
0.657816
0.657903
0.65799
0.658077
0.658164
0.658251
0.658338
0.658425
0.658512
0.658599
0.658686
0.658774
0.658861
0.658948
0.659035
0.659122
0.659209
0.659296
0.659383
0.65947
0.659557
0.659644
0.659731
0.659818
0.659905
0.659992
0.660079
0.660166
0.660253
0.66034
0.660427
0.660514
0.660601
0.660688
0.660775
0.660862
0.660949
0.661036
0.661123
0.661211
0.661298
0.661385
0.661472
0.661559
0.661646
0.661733
0.66182
0.661907
0.661994
0.662081
0.662168
0.662255
0.662342
0.662429
0.662516
0.662603
0.66269
0.662777
0.662864
0.662951
0.663038
0.663126
0.663213
0.6633
0.663387
0.663474
0.663561
0.663648
0.663735
0.663822
0.663909
0.663996
0.664083
0.66417
0.664257
0.664344
0.664431
0.664518
0.664605
0.664692
0.66478
0.664867
0.664954
0.665041
0.665128
0.665215
0.665302
0.665389
0.665476
0.665563
0.66565
0.665737
0.665824
0.665911
0.665998
0.666085
0.666172
0.666259
0.666347
0.666434
0.666521
0.666608
0.666695
0.666782
0.666869
0.666956
0.667043
0.66713
0.667217
0.667304
0.667391
0.667478
0.667565
0.667652
0.66774
0.667827
0.667914
0.668001
0.668088
0.668175
0.668262
0.668349
0.668436
0.668523
0.66861
0.668697
0.668784
0.668871
0.668959
0.669046
0.669133
0.66922
0.669307
0.669394
0.669481
0.669568
0.669655
0.669742
0.669829
0.669916
0.670003
0.67009
0.670178
0.670265
0.670352
0.670439
0.670526
0.670613
0.6707
0.670787
0.670874
0.670961
0.671048
0.671135
0.671222
0.67131
0.671397
0.671484
0.671571
0.671658
0.671745
0.671832
0.671919
0.672006
0.672093
0.67218
0.672267
0.672354
0.672442
0.672529
0.672616
0.672703
0.67279
0.672877
0.672964
0.673051
0.673138
0.673225
0.673312
0.673399
0.673487
0.673574
0.673661
0.673748
0.673835
0.673922
0.674009
0.674096
0.674183
0.67427
0.674357
0.674445
0.674532
0.674619
0.674706
0.674793
0.67488
0.674967
0.675054
0.675141
0.675228
0.675315
0.675403
0.67549
0.675577
0.675664
0.675751
0.675838
0.675925
0.676012
0.676099
0.676186
0.676274
0.676361
0.676448
0.676535
0.676622
0.676709
0.676796
0.676883
0.67697
0.677057
0.677145
0.677232
0.677319
0.677406
0.677493
0.67758
0.677667
0.677754
0.677841
0.677928
0.678016
0.678103
0.67819
0.678277
0.678364
0.678451
0.678538
0.678625
0.678712
0.678799
0.678887
0.678974
0.679061
0.679148
0.679235
0.679322
0.679409
0.679496
0.679583
0.679671
0.679758
0.679845
0.679932
0.680019
0.680106
0.680193
0.68028
0.680367
0.680455
0.680542
0.680629
0.680716
0.680803
0.68089
0.680977
0.681064
0.681151
0.681239
0.681326
0.681413
0.6815
0.681587
0.681674
0.681761
0.681848
0.681936
0.682023
0.68211
0.682197
0.682284
0.682371
0.682458
0.682545
0.682632
0.68272
0.682807
0.682894
0.682981
0.683068
0.683155
0.683242
0.683329
0.683417
0.683504
0.683591
0.683678
0.683765
0.683852
0.683939
0.684026
0.684114
0.684201
0.684288
0.684375
0.684462
0.684549
0.684636
0.684723
0.684811
0.684898
0.684985
0.685072
0.685159
0.685246
0.685333
0.685421
0.685508
0.685595
0.685682
0.685769
0.685856
0.685943
0.68603
0.686118
0.686205
0.686292
0.686379
0.686466
0.686553
0.68664
0.686728
0.686815
0.686902
0.686989
0.687076
0.687163
0.68725
0.687337
0.687425
0.687512
0.687599
0.687686
0.687773
0.68786
0.687947
0.688035
0.688122
0.688209
0.688296
0.688383
0.68847
0.688557
0.688645
0.688732
0.688819
0.688906
0.688993
0.68908
0.689167
0.689255
0.689342
0.689429
0.689516
0.689603
0.68969
0.689777
0.689865
0.689952
0.690039
0.690126
0.690213
0.6903
0.690387
0.690475
0.690562
0.690649
0.690736
0.690823
0.69091
0.690998
0.691085
0.691172
0.691259
0.691346
0.691433
0.69152
0.691608
0.691695
0.691782
0.691869
0.691956
0.692043
0.692131
0.692218
0.692305
0.692392
0.692479
0.692566
0.692653
0.692741
0.692828
0.692915
0.693002
0.693089
0.693176
0.693264
0.693351
0.693438
0.693525
0.693612
0.693699
0.693787
0.693874
0.693961
0.694048
0.694135
0.694222
0.69431
0.694397
0.694484
0.694571
0.694658
0.694745
0.694833
0.69492
0.695007
0.695094
0.695181
0.695268
0.695355
0.695443
0.69553
0.695617
0.695704
0.695791
0.695879
0.695966
0.696053
0.69614
0.696227
0.696314
0.696402
0.696489
0.696576
0.696663
0.69675
0.696837
0.696925
0.697012
0.697099
0.697186
0.697273
0.69736
0.697448
0.697535
0.697622
0.697709
0.697796
0.697883
0.697971
0.698058
0.698145
0.698232
0.698319
0.698407
0.698494
0.698581
0.698668
0.698755
0.698842
0.69893
0.699017
0.699104
0.699191
0.699278
0.699366
0.699453
0.69954
0.699627
0.699714
0.699801
0.699889
0.699976
0.700063
0.70015
0.700237
0.700325
0.700412
0.700499
0.700586
0.700673
0.70076
0.700848
0.700935
0.701022
0.701109
0.701196
0.701284
0.701371
0.701458
0.701545
0.701632
0.70172
0.701807
0.701894
0.701981
0.702068
0.702155
0.702243
0.70233
0.702417
0.702504
0.702591
0.702679
0.702766
0.702853
0.70294
0.703027
0.703115
0.703202
0.703289
0.703376
0.703463
0.703551
0.703638
0.703725
0.703812
0.703899
0.703987
0.704074
0.704161
0.704248
0.704335
0.704423
0.70451
0.704597
0.704684
0.704771
0.704859
0.704946
0.705033
0.70512
0.705207
0.705295
0.705382
0.705469
0.705556
0.705643
0.705731
0.705818
0.705905
0.705992
0.706079
0.706167
0.706254
0.706341
0.706428
0.706515
0.706603
0.70669
0.706777
0.706864
0.706952
0.707039
0.707126
0.707213
0.7073
0.707388
0.707475
0.707562
0.707649
0.707736
0.707824
0.707911
0.707998
0.708085
0.708172
0.70826
0.708347
0.708434
0.708521
0.708609
0.708696
0.708783
0.70887
0.708957
0.709045
0.709132
0.709219
0.709306
0.709393
0.709481
0.709568
0.709655
0.709742
0.70983
0.709917
0.710004
0.710091
0.710178
0.710266
0.710353
0.71044
0.710527
0.710615
0.710702
0.710789
0.710876
0.710963
0.711051
0.711138
0.711225
0.711312
0.7114
0.711487
0.711574
0.711661
0.711748
0.711836
0.711923
0.71201
0.712097
0.712185
0.712272
0.712359
0.712446
0.712534
0.712621
0.712708
0.712795
0.712882
0.71297
0.713057
0.713144
0.713231
0.713319
0.713406
0.713493
0.71358
0.713668
0.713755
0.713842
0.713929
0.714016
0.714104
0.714191
0.714278
0.714365
0.714453
0.71454
0.714627
0.714714
0.714802
0.714889
0.714976
0.715063
0.715151
0.715238
0.715325
0.715412
0.715499
0.715587
0.715674
0.715761
0.715848
0.715936
0.716023
0.71611
0.716197
0.716285
0.716372
0.716459
0.716546
0.716634
0.716721
0.716808
0.716895
0.716983
0.71707
0.717157
0.717244
0.717332
0.717419
0.717506
0.717593
0.717681
0.717768
0.717855
0.717942
0.71803
0.718117
0.718204
0.718291
0.718379
0.718466
0.718553
0.71864
0.718728
0.718815
0.718902
0.718989
0.719077
0.719164
0.719251
0.719338
0.719426
0.719513
0.7196
0.719687
0.719775
0.719862
0.719949
0.720036
0.720124
0.720211
0.720298
0.720385
0.720473
0.72056
0.720647
0.720734
0.720822
0.720909
0.720996
0.721083
0.721171
0.721258
0.721345
0.721432
0.72152
0.721607
0.721694
0.721782
0.721869
0.721956
0.722043
0.722131
0.722218
0.722305
0.722392
0.72248
0.722567
0.722654
0.722741
0.722829
0.722916
0.723003
0.72309
0.723178
0.723265
0.723352
0.72344
0.723527
0.723614
0.723701
0.723789
0.723876
0.723963
0.72405
0.724138
0.724225
0.724312
0.724399
0.724487
0.724574
0.724661
0.724749
0.724836
0.724923
0.72501
0.725098
0.725185
0.725272
0.725359
0.725447
0.725534
0.725621
0.725709
0.725796
0.725883
0.72597
0.726058
0.726145
0.726232
0.72632
0.726407
0.726494
0.726581
0.726669
0.726756
0.726843
0.72693
0.727018
0.727105
0.727192
0.72728
0.727367
0.727454
0.727541
0.727629
0.727716
0.727803
0.727891
0.727978
0.728065
0.728152
0.72824
0.728327
0.728414
0.728502
0.728589
0.728676
0.728763
0.728851
0.728938
0.729025
0.729113
0.7292
0.729287
0.729374
0.729462
0.729549
0.729636
0.729724
0.729811
0.729898
0.729985
0.730073
0.73016
0.730247
0.730335
0.730422
0.730509
0.730597
0.730684
0.730771
0.730858
0.730946
0.731033
0.73112
0.731208
0.731295
0.731382
0.731469
0.731557
0.731644
0.731731
0.731819
0.731906
0.731993
0.732081
0.732168
0.732255
0.732342
0.73243
0.732517
0.732604
0.732692
0.732779
0.732866
0.732954
0.733041
0.733128
0.733215
0.733303
0.73339
0.733477
0.733565
0.733652
0.733739
0.733827
0.733914
0.734001
0.734088
0.734176
0.734263
0.73435
0.734438
0.734525
0.734612
0.7347
0.734787
0.734874
0.734962
0.735049
0.735136
0.735223
0.735311
0.735398
0.735485
0.735573
0.73566
0.735747
0.735835
0.735922
0.736009
0.736097
0.736184
0.736271
0.736358
0.736446
0.736533
0.73662
0.736708
0.736795
0.736882
0.73697
0.737057
0.737144
0.737232
0.737319
0.737406
0.737494
0.737581
0.737668
0.737756
0.737843
0.73793
0.738017
0.738105
0.738192
0.738279
0.738367
0.738454
0.738541
0.738629
0.738716
0.738803
0.738891
0.738978
0.739065
0.739153
0.73924
0.739327
0.739415
0.739502
0.739589
0.739677
0.739764
0.739851
0.739939
0.740026
0.740113
0.740201
0.740288
0.740375
0.740463
0.74055
0.740637
0.740725
0.740812
0.740899
0.740986
0.741074
0.741161
0.741248
0.741336
0.741423
0.74151
0.741598
0.741685
0.741772
0.74186
0.741947
0.742034
0.742122
0.742209
0.742296
0.742384
0.742471
0.742558
0.742646
0.742733
0.74282
0.742908
0.742995
0.743082
0.74317
0.743257
0.743344
0.743432
0.743519
0.743606
0.743694
0.743781
0.743869
0.743956
0.744043
0.744131
0.744218
0.744305
0.744393
0.74448
0.744567
0.744655
0.744742
0.744829
0.744917
0.745004
0.745091
0.745179
0.745266
0.745353
0.745441
0.745528
0.745615
0.745703
0.74579
0.745877
0.745965
0.746052
0.746139
0.746227
0.746314
0.746401
0.746489
0.746576
0.746664
0.746751
0.746838
0.746926
0.747013
0.7471
0.747188
0.747275
0.747362
0.74745
0.747537
0.747624
0.747712
0.747799
0.747886
0.747974
0.748061
0.748148
0.748236
0.748323
0.748411
0.748498
0.748585
0.748673
0.74876
0.748847
0.748935
0.749022
0.749109
0.749197
0.749284
0.749371
0.749459
0.749546
0.749634
0.749721
0.749808
0.749896
0.749983
0.75007
0.750158
0.750245
0.750332
0.75042
0.750507
0.750594
0.750682
0.750769
0.750857
0.750944
0.751031
0.751119
0.751206
0.751293
0.751381
0.751468
0.751555
0.751643
0.75173
0.751818
0.751905
0.751992
0.75208
0.752167
0.752254
0.752342
0.752429
0.752517
0.752604
0.752691
0.752779
0.752866
0.752953
0.753041
0.753128
0.753215
0.753303
0.75339
0.753478
0.753565
0.753652
0.75374
0.753827
0.753914
0.754002
0.754089
0.754177
0.754264
0.754351
0.754439
0.754526
0.754613
0.754701
0.754788
0.754876
0.754963
0.75505
0.755138
0.755225
0.755312
0.7554
0.755487
0.755575
0.755662
0.755749
0.755837
0.755924
0.756012
0.756099
0.756186
0.756274
0.756361
0.756448
0.756536
0.756623
0.756711
0.756798
0.756885
0.756973
0.75706
0.757147
0.757235
0.757322
0.75741
0.757497
0.757584
0.757672
0.757759
0.757847
0.757934
0.758021
0.758109
0.758196
0.758284
0.758371
0.758458
0.758546
0.758633
0.75872
0.758808
0.758895
0.758983
0.75907
0.759157
0.759245
0.759332
0.75942
0.759507
0.759594
0.759682
0.759769
0.759857
0.759944
0.760031
0.760119
0.760206
0.760294
0.760381
0.760468
0.760556
0.760643
0.760731
0.760818
0.760905
0.760993
0.76108
0.761167
0.761255
0.761342
0.76143
0.761517
0.761604
0.761692
0.761779
0.761867
0.761954
0.762041
0.762129
0.762216
0.762304
0.762391
0.762478
0.762566
0.762653
0.762741
0.762828
0.762916
0.763003
0.76309
0.763178
0.763265
0.763353
0.76344
0.763527
0.763615
0.763702
0.76379
0.763877
0.763964
0.764052
0.764139
0.764227
0.764314
0.764401
0.764489
0.764576
0.764664
0.764751
0.764838
0.764926
0.765013
0.765101
0.765188
0.765276
0.765363
0.76545
0.765538
0.765625
0.765713
0.7658
0.765887
0.765975
0.766062
0.76615
0.766237
0.766324
0.766412
0.766499
0.766587
0.766674
0.766762
0.766849
0.766936
0.767024
0.767111
0.767199
0.767286
0.767374
0.767461
0.767548
0.767636
0.767723
0.767811
0.767898
0.767985
0.768073
0.76816
0.768248
0.768335
0.768423
0.76851
0.768597
0.768685
0.768772
0.76886
0.768947
0.769035
0.769122
0.769209
0.769297
0.769384
0.769472
0.769559
0.769647
0.769734
0.769821
0.769909
0.769996
0.770084
0.770171
0.770259
0.770346
0.770433
0.770521
0.770608
0.770696
0.770783
0.770871
0.770958
0.771045
0.771133
0.77122
0.771308
0.771395
0.771483
0.77157
0.771657
0.771745
0.771832
0.77192
0.772007
0.772095
0.772182
0.772269
0.772357
0.772444
0.772532
0.772619
0.772707
0.772794
0.772882
0.772969
0.773056
0.773144
0.773231
0.773319
0.773406
0.773494
0.773581
0.773668
0.773756
0.773843
0.773931
0.774018
0.774106
0.774193
0.774281
0.774368
0.774455
0.774543
0.77463
0.774718
0.774805
0.774893
0.77498
0.775068
0.775155
0.775242
0.77533
0.775417
0.775505
0.775592
0.77568
0.775767
0.775855
0.775942
0.776029
0.776117
0.776204
0.776292
0.776379
0.776467
0.776554
0.776642
0.776729
0.776816
0.776904
0.776991
0.777079
0.777166
0.777254
0.777341
0.777429
0.777516
0.777604
0.777691
0.777778
0.777866
0.777953
0.778041
0.778128
0.778216
0.778303
0.778391
0.778478
0.778566
0.778653
0.77874
0.778828
0.778915
0.779003
0.77909
0.779178
0.779265
0.779353
0.77944
0.779528
0.779615
0.779703
0.77979
0.779877
0.779965
0.780052
0.78014
0.780227
0.780315
0.780402
0.78049
0.780577
0.780665
0.780752
0.78084
0.780927
0.781014
0.781102
0.781189
0.781277
0.781364
0.781452
0.781539
0.781627
0.781714
0.781802
0.781889
0.781977
0.782064
0.782152
0.782239
0.782326
0.782414
0.782501
0.782589
0.782676
0.782764
0.782851
0.782939
0.783026
0.783114
0.783201
0.783289
0.783376
0.783464
0.783551
0.783639
0.783726
0.783813
0.783901
0.783988
0.784076
0.784163
0.784251
0.784338
0.784426
0.784513
0.784601
0.784688
0.784776
0.784863
0.784951
0.785038
0.785126
0.785213
0.785301
0.785388
0.785476
0.785563
0.785651
0.785738
0.785825
0.785913
0.786
0.786088
0.786175
0.786263
0.78635
0.786438
0.786525
0.786613
0.7867
0.786788
0.786875
0.786963
0.78705
0.787138
0.787225
0.787313
0.7874
0.787488
0.787575
0.787663
0.78775
0.787838
0.787925
0.788013
0.7881
0.788188
0.788275
0.788363
0.78845
0.788538
0.788625
0.788713
0.7888
0.788887
0.788975
0.789062
0.78915
0.789237
0.789325
0.789412
0.7895
0.789587
0.789675
0.789762
0.78985
0.789937
0.790025
0.790112
0.7902
0.790287
0.790375
0.790462
0.79055
0.790637
0.790725
0.790812
0.7909
0.790987
0.791075
0.791162
0.79125
0.791337
0.791425
0.791512
0.7916
0.791687
0.791775
0.791862
0.79195
0.792037
0.792125
0.792212
0.7923
0.792387
0.792475
0.792562
0.79265
0.792737
0.792825
0.792912
0.793
0.793087
0.793175
0.793262
0.79335
0.793437
0.793525
0.793612
0.7937
0.793787
0.793875
0.793962
0.79405
0.794137
0.794225
0.794312
0.7944
0.794488
0.794575
0.794663
0.79475
0.794838
0.794925
0.795013
0.7951
0.795188
0.795275
0.795363
0.79545
0.795538
0.795625
0.795713
0.7958
0.795888
0.795975
0.796063
0.79615
0.796238
0.796325
0.796413
0.7965
0.796588
0.796675
0.796763
0.79685
0.796938
0.797025
0.797113
0.7972
0.797288
0.797375
0.797463
0.797551
0.797638
0.797726
0.797813
0.797901
0.797988
0.798076
0.798163
0.798251
0.798338
0.798426
0.798513
0.798601
0.798688
0.798776
0.798863
0.798951
0.799038
0.799126
0.799213
0.799301
0.799388
0.799476
0.799564
0.799651
0.799739
0.799826
0.799914
0.800001
0.800089
0.800176
0.800264
0.800351
0.800439
0.800526
0.800614
0.800701
0.800789
0.800876
0.800964
0.801052
0.801139
0.801227
0.801314
0.801402
0.801489
0.801577
0.801664
0.801752
0.801839
0.801927
0.802014
0.802102
0.802189
0.802277
0.802365
0.802452
0.80254
0.802627
0.802715
0.802802
0.80289
0.802977
0.803065
0.803152
0.80324
0.803327
0.803415
0.803502
0.80359
0.803678
0.803765
0.803853
0.80394
0.804028
0.804115
0.804203
0.80429
0.804378
0.804465
0.804553
0.804641
0.804728
0.804816
0.804903
0.804991
0.805078
0.805166
0.805253
0.805341
0.805428
0.805516
0.805604
0.805691
0.805779
0.805866
0.805954
0.806041
0.806129
0.806216
0.806304
0.806391
0.806479
0.806567
0.806654
0.806742
0.806829
0.806917
0.807004
0.807092
0.807179
0.807267
0.807354
0.807442
0.80753
0.807617
0.807705
0.807792
0.80788
0.807967
0.808055
0.808142
0.80823
0.808318
0.808405
0.808493
0.80858
0.808668
0.808755
0.808843
0.80893
0.809018
0.809106
0.809193
0.809281
0.809368
0.809456
0.809543
0.809631
0.809718
0.809806
0.809894
0.809981
0.810069
0.810156
0.810244
0.810331
0.810419
0.810507
0.810594
0.810682
0.810769
0.810857
0.810944
0.811032
0.811119
0.811207
0.811295
0.811382
0.81147
0.811557
0.811645
0.811732
0.81182
0.811908
0.811995
0.812083
0.81217
0.812258
0.812345
0.812433
0.812521
0.812608
0.812696
0.812783
0.812871
0.812958
0.813046
0.813133
0.813221
0.813309
0.813396
0.813484
0.813571
0.813659
0.813746
0.813834
0.813922
0.814009
0.814097
0.814184
0.814272
0.814359
0.814447
0.814535
0.814622
0.81471
0.814797
0.814885
0.814973
0.81506
0.815148
0.815235
0.815323
0.81541
0.815498
0.815586
0.815673
0.815761
0.815848
0.815936
0.816023
0.816111
0.816199
0.816286
0.816374
0.816461
0.816549
0.816637
0.816724
0.816812
0.816899
0.816987
0.817074
0.817162
0.81725
0.817337
0.817425
0.817512
0.8176
0.817688
0.817775
0.817863
0.81795
0.818038
0.818125
0.818213
0.818301
0.818388
0.818476
0.818563
0.818651
0.818739
0.818826
0.818914
0.819001
0.819089
0.819176
0.819264
0.819352
0.819439
0.819527
0.819614
0.819702
0.81979
0.819877
0.819965
0.820052
0.82014
0.820228
0.820315
0.820403
0.82049
0.820578
0.820666
0.820753
0.820841
0.820928
0.821016
0.821104
0.821191
0.821279
0.821366
0.821454
0.821542
0.821629
0.821717
0.821804
0.821892
0.821979
0.822067
0.822155
0.822242
0.82233
0.822417
0.822505
0.822593
0.82268
0.822768
0.822855
0.822943
0.823031
0.823118
0.823206
0.823293
0.823381
0.823469
0.823556
0.823644
0.823732
0.823819
0.823907
0.823994
0.824082
0.82417
0.824257
0.824345
0.824432
0.82452
0.824608
0.824695
0.824783
0.82487
0.824958
0.825046
0.825133
0.825221
0.825308
0.825396
0.825484
0.825571
0.825659
0.825746
0.825834
0.825922
0.826009
0.826097
0.826185
0.826272
0.82636
0.826447
0.826535
0.826623
0.82671
0.826798
0.826885
0.826973
0.827061
0.827148
0.827236
0.827324
0.827411
0.827499
0.827586
0.827674
0.827762
0.827849
0.827937
0.828024
0.828112
0.8282
0.828287
0.828375
0.828463
0.82855
0.828638
0.828725
0.828813
0.828901
0.828988
0.829076
0.829163
0.829251
0.829339
0.829426
0.829514
0.829602
0.829689
0.829777
0.829864
0.829952
0.83004
0.830127
0.830215
0.830303
0.83039
0.830478
0.830565
0.830653
0.830741
0.830828
0.830916
0.831004
0.831091
0.831179
0.831266
0.831354
0.831442
0.831529
0.831617
0.831705
0.831792
0.83188
0.831968
0.832055
0.832143
0.83223
0.832318
0.832406
0.832493
0.832581
0.832669
0.832756
0.832844
0.832931
0.833019
0.833107
0.833194
0.833282
0.83337
0.833457
0.833545
0.833633
0.83372
0.833808
0.833895
0.833983
0.834071
0.834158
0.834246
0.834334
0.834421
0.834509
0.834597
0.834684
0.834772
0.834859
0.834947
0.835035
0.835122
0.83521
0.835298
0.835385
0.835473
0.835561
0.835648
0.835736
0.835824
0.835911
0.835999
0.836086
0.836174
0.836262
0.836349
0.836437
0.836525
0.836612
0.8367
0.836788
0.836875
0.836963
0.837051
0.837138
0.837226
0.837313
0.837401
0.837489
0.837576
0.837664
0.837752
0.837839
0.837927
0.838015
0.838102
0.83819
0.838278
0.838365
0.838453
0.838541
0.838628
0.838716
0.838803
0.838891
0.838979
0.839066
0.839154
0.839242
0.839329
0.839417
0.839505
0.839592
0.83968
0.839768
0.839855
0.839943
0.840031
0.840118
0.840206
0.840294
0.840381
0.840469
0.840557
0.840644
0.840732
0.84082
0.840907
0.840995
0.841083
0.84117
0.841258
0.841346
0.841433
0.841521
0.841608
0.841696
0.841784
0.841871
0.841959
0.842047
0.842134
0.842222
0.84231
0.842397
0.842485
0.842573
0.84266
0.842748
0.842836
0.842923
0.843011
0.843099
0.843186
0.843274
0.843362
0.843449
0.843537
0.843625
0.843712
0.8438
0.843888
0.843975
0.844063
0.844151
0.844238
0.844326
0.844414
0.844501
0.844589
0.844677
0.844764
0.844852
0.84494
0.845027
0.845115
0.845203
0.84529
0.845378
0.845466
0.845553
0.845641
0.845729
0.845816
0.845904
0.845992
0.84608
0.846167
0.846255
0.846343
0.84643
0.846518
0.846606
0.846693
0.846781
0.846869
0.846956
0.847044
0.847132
0.847219
0.847307
0.847395
0.847482
0.84757
0.847658
0.847745
0.847833
0.847921
0.848008
0.848096
0.848184
0.848271
0.848359
0.848447
0.848535
0.848622
0.84871
0.848798
0.848885
0.848973
0.849061
0.849148
0.849236
0.849324
0.849411
0.849499
0.849587
0.849674
0.849762
0.84985
0.849937
0.850025
0.850113
0.850201
0.850288
0.850376
0.850464
0.850551
0.850639
0.850727
0.850814
0.850902
0.85099
0.851077
0.851165
0.851253
0.85134
0.851428
0.851516
0.851604
0.851691
0.851779
0.851867
0.851954
0.852042
0.85213
0.852217
0.852305
0.852393
0.85248
0.852568
0.852656
0.852744
0.852831
0.852919
0.853007
0.853094
0.853182
0.85327
0.853357
0.853445
0.853533
0.853621
0.853708
0.853796
0.853884
0.853971
0.854059
0.854147
0.854234
0.854322
0.85441
0.854497
0.854585
0.854673
0.854761
0.854848
0.854936
0.855024
0.855111
0.855199
0.855287
0.855375
0.855462
0.85555
0.855638
0.855725
0.855813
0.855901
0.855988
0.856076
0.856164
0.856252
0.856339
0.856427
0.856515
0.856602
0.85669
0.856778
0.856865
0.856953
0.857041
0.857129
0.857216
0.857304
0.857392
0.857479
0.857567
0.857655
0.857743
0.85783
0.857918
0.858006
0.858093
0.858181
0.858269
0.858357
0.858444
0.858532
0.85862
0.858707
0.858795
0.858883
0.858971
0.859058
0.859146
0.859234
0.859321
0.859409
0.859497
0.859585
0.859672
0.85976
0.859848
0.859935
0.860023
0.860111
0.860199
0.860286
0.860374
0.860462
0.860549
0.860637
0.860725
0.860813
0.8609
0.860988
0.861076
0.861163
0.861251
0.861339
0.861427
0.861514
0.861602
0.86169
0.861778
0.861865
0.861953
0.862041
0.862128
