[ 1.6 0 0 -0.1 0 ] [ 1.6 0.0327273 -2.17212e-18 -0.1 0.1 ] [ 1.6 0.0581818 -3.47749e-18 -0.1 0.2 ] [ 1.6 0.0763636 -3.53996e-18 -0.1 0.3 ] [ 1.6 0.0872727 -2.31643e-18 -0.1 0.4 ] [ 1.6 0.0909091 -1.96675e-19 -0.1 0.5 ] [ 1.6 0.0872727 2.24432e-18 -0.1 0.6 ] [ 1.6 0.0763636 4.05594e-18 -0.1 0.7 ] [ 1.6 0.0581818 4.28605e-18 -0.1 0.8 ] [ 1.6 0.0327273 2.67747e-18 -0.1 0.9 ] [ 1.6 0 0 -0.1 1 ] 
[ 1.52727 0 0 0 0 ] [ 1.52727 0.0327273 -2.17212e-18 0 0.1 ] [ 1.52727 0.0581818 -3.47749e-18 0 0.2 ] [ 1.52727 0.0763636 -3.53996e-18 0 0.3 ] [ 1.52727 0.0872727 -2.31643e-18 0 0.4 ] [ 1.52727 0.0909091 -1.96675e-19 0 0.5 ] [ 1.52727 0.0872727 2.24432e-18 0 0.6 ] [ 1.52727 0.0763636 4.05594e-18 0 0.7 ] [ 1.52727 0.0581818 4.28605e-18 0 0.8 ] [ 1.52727 0.0327273 2.67747e-18 0 0.9 ] [ 1.52727 0 0 0 1 ] 
[ 1.45455 0 0 0.1 0 ] [ 1.45455 0.0327273 -3.05438e-18 0.1 0.1 ] [ 1.45455 0.0581818 -4.75737e-18 0.1 0.2 ] [ 1.45455 0.0763636 -4.8755e-18 0.1 0.3 ] [ 1.45455 0.0872727 -3.25354e-18 0.1 0.4 ] [ 1.45455 0.0909091 -5.35582e-19 0.1 0.5 ] [ 1.45455 0.0872727 2.90686e-18 0.1 0.6 ] [ 1.45455 0.0763636 5.69821e-18 0.1 0.7 ] [ 1.45455 0.0581818 6.18038e-18 0.1 0.8 ] [ 1.45455 0.0327273 3.763e-18 0.1 0.9 ] [ 1.45455 0 0 0.1 1 ] 
[ 1.38182 0 0 0.2 0 ] [ 1.38182 0.0327273 -5.29883e-18 0.2 0.1 ] [ 1.38182 0.0581818 -7.74849e-18 0.2 0.2 ] [ 1.38182 0.0763636 -8.16211e-18 0.2 0.3 ] [ 1.38182 0.0872727 -5.42404e-18 0.2 0.4 ] [ 1.38182 0.0909091 -1.61527e-18 0.2 0.5 ] [ 1.38182 0.0872727 4.22528e-18 0.2 0.6 ] [ 1.38182 0.0763636 9.92412e-18 0.2 0.7 ] [ 1.38182 0.0581818 1.11635e-17 0.2 0.8 ] [ 1.38182 0.0327273 6.25226e-18 0.2 0.9 ] [ 1.38182 0 0 0.2 1 ] 
[ 1.30909 0 0 0.3 0 ] [ 1.30909 0.0327273 -1.13392e-17 0.3 0.1 ] [ 1.30909 0.0581818 -1.29745e-17 0.3 0.2 ] [ 1.30909 0.0763636 -1.42325e-17 0.3 0.3 ] [ 1.30909 0.0872727 -8.89471e-18 0.3 0.4 ] [ 1.30909 0.0909091 -5.91394e-18 0.3 0.5 ] [ 1.30909 0.0872727 7.54062e-18 0.3 0.6 ] [ 1.30909 0.0763636 1.81425e-17 0.3 0.7 ] [ 1.30909 0.0581818 2.29582e-17 0.3 0.8 ] [ 1.30909 0.0327273 1.01678e-17 0.3 0.9 ] [ 1.30909 0 0 0.3 1 ] 
[ 1.23636 0 0 0.4 0 ] [ 1.23636 0.0327273 -1.04094e-17 0.4 0.1 ] [ 1.23636 0.0581818 -1.97006e-17 0.4 0.2 ] [ 1.23636 0.0763636 -1.59287e-17 0.4 0.3 ] [ 1.23636 0.0872727 -1.03512e-17 0.4 0.4 ] [ 1.23636 0.0909091 -2.36208e-18 0.4 0.5 ] [ 1.23636 0.0872727 7.17766e-18 0.4 0.6 ] [ 1.23636 0.0763636 2.40881e-17 0.4 0.7 ] [ 1.23636 0.0581818 2.3118e-17 0.4 0.8 ] [ 1.23636 0.0327273 1.16904e-17 0.4 0.9 ] [ 1.23636 0 0 0.4 1 ] 
[ 1.16364 0 0 0.5 0 ] [ 1.16364 0.0327273 -1.22056e-17 0.5 0.1 ] [ 1.16364 0.0581818 -2.37978e-17 0.5 0.2 ] [ 1.16364 0.0763636 -1.97121e-17 0.5 0.3 ] [ 1.16364 0.0872727 -1.36779e-17 0.5 0.4 ] [ 1.16364 0.0909091 -4.43905e-19 0.5 0.5 ] [ 1.16364 0.0872727 1.35375e-17 0.5 0.6 ] [ 1.16364 0.0763636 3.06979e-17 0.5 0.7 ] [ 1.16364 0.0581818 2.36068e-17 0.5 0.8 ] [ 1.16364 0.0327273 1.264e-17 0.5 0.9 ] [ 1.16364 0 0 0.5 1 ] 
[ 1.09091 0 0 0.6 0 ] [ 1.09091 0.0327273 -1.5297e-17 0.6 0.1 ] [ 1.09091 0.0581818 -2.88381e-17 0.6 0.2 ] [ 1.09091 0.0763636 -2.49313e-17 0.6 0.3 ] [ 1.09091 0.0872727 -1.3257e-17 0.6 0.4 ] [ 1.09091 0.0909091 1.72484e-18 0.6 0.5 ] [ 1.09091 0.0872727 1.77586e-17 0.6 0.6 ] [ 1.09091 0.0763636 3.50588e-17 0.6 0.7 ] [ 1.09091 0.0581818 2.71784e-17 0.6 0.8 ] [ 1.09091 0.0327273 1.54288e-17 0.6 0.9 ] [ 1.09091 0 0 0.6 1 ] 
[ 1.01818 0 0 0.7 0 ] [ 1.01818 0.0327273 -2.1417e-17 0.7 0.1 ] [ 1.01818 0.0581818 -3.52859e-17 0.7 0.2 ] [ 1.01818 0.0763636 -2.79208e-17 0.7 0.3 ] [ 1.01818 0.0872727 -1.45363e-17 0.7 0.4 ] [ 1.01818 0.0909091 2.88173e-18 0.7 0.5 ] [ 1.01818 0.0872727 2.0922e-17 0.7 0.6 ] [ 1.01818 0.0763636 3.77843e-17 0.7 0.7 ] [ 1.01818 0.0581818 3.53293e-17 0.7 0.8 ] [ 1.01818 0.0327273 2.16682e-17 0.7 0.9 ] [ 1.01818 0 0 0.7 1 ] 
[ 0.945455 0 0 0.8 0 ] [ 0.945455 0.0327273 -2.80538e-17 0.8 0.1 ] [ 0.945455 0.0581818 -4.19564e-17 0.8 0.2 ] [ 0.945455 0.0763636 -3.69986e-17 0.8 0.3 ] [ 0.945455 0.0872727 -1.98702e-17 0.8 0.4 ] [ 0.945455 0.0909091 3.37007e-18 0.8 0.5 ] [ 0.945455 0.0872727 2.68626e-17 0.8 0.6 ] [ 0.945455 0.0763636 4.3772e-17 0.8 0.7 ] [ 0.945455 0.0581818 4.82764e-17 0.8 0.8 ] [ 0.945455 0.0327273 2.97532e-17 0.8 0.9 ] [ 0.945455 0 0 0.8 1 ] 
[ 0.872727 0 0 0.9 0 ] [ 0.872727 0.0327273 -3.35433e-17 0.9 0.1 ] [ 0.872727 0.0581818 -4.87993e-17 0.9 0.2 ] [ 0.872727 0.0763636 -4.41595e-17 0.9 0.3 ] [ 0.872727 0.0872727 -2.639e-17 0.9 0.4 ] [ 0.872727 0.0909091 4.86713e-18 0.9 0.5 ] [ 0.872727 0.0872727 3.16286e-17 0.9 0.6 ] [ 0.872727 0.0763636 5.12794e-17 0.9 0.7 ] [ 0.872727 0.0581818 5.32663e-17 0.9 0.8 ] [ 0.872727 0.0327273 3.22705e-17 0.9 0.9 ] [ 0.872727 0 0 0.9 1 ] 
[ 0.8 0 0 1 0 ] [ 0.8 0.0327273 -3.31714e-17 1 0.1 ] [ 0.8 0.0581818 -5.11072e-17 1 0.2 ] [ 0.8 0.0763636 -5.07705e-17 1 0.3 ] [ 0.8 0.0872727 -3.19331e-17 1 0.4 ] [ 0.8 0.0909091 3.4374e-18 1 0.5 ] [ 0.8 0.0872727 3.7237e-17 1 0.6 ] [ 0.8 0.0763636 5.44293e-17 1 0.7 ] [ 0.8 0.0581818 5.4657e-17 1 0.8 ] [ 0.8 0.0327273 3.2945e-17 1 0.9 ] [ 0.8 0 0 1 1 ] 
[ 0.727273 0 0 1.1 0 ] [ 0.727273 0.0327273 -3.30048e-17 1.1 0.1 ] [ 0.727273 0.0581818 -5.22083e-17 1.1 0.2 ] [ 0.727273 0.0763636 -5.37143e-17 1.1 0.3 ] [ 0.727273 0.0872727 -3.43075e-17 1.1 0.4 ] [ 0.727273 0.0909091 2.61959e-18 1.1 0.5 ] [ 0.727273 0.0872727 3.84874e-17 1.1 0.6 ] [ 0.727273 0.0763636 5.60827e-17 1.1 0.7 ] [ 0.727273 0.0581818 5.50709e-17 1.1 0.8 ] [ 0.727273 0.0327273 3.26536e-17 1.1 0.9 ] [ 0.727273 0 0 1.1 1 ] 
[ 0.654545 0 0 1.2 0 ] [ 0.654545 0.0327273 -3.05945e-17 1.2 0.1 ] [ 0.654545 0.0581818 -5.27821e-17 1.2 0.2 ] [ 0.654545 0.0763636 -5.52157e-17 1.2 0.3 ] [ 0.654545 0.0872727 -3.33466e-17 1.2 0.4 ] [ 0.654545 0.0909091 1.38199e-18 1.2 0.5 ] [ 0.654545 0.0872727 3.72467e-17 1.2 0.6 ] [ 0.654545 0.0763636 5.73508e-17 1.2 0.7 ] [ 0.654545 0.0581818 5.35441e-17 1.2 0.8 ] [ 0.654545 0.0327273 3.07711e-17 1.2 0.9 ] [ 0.654545 0 0 1.2 1 ] 
[ 0.581818 0 0 1.3 0 ] [ 0.581818 0.0327273 -3.00299e-17 1.3 0.1 ] [ 0.581818 0.0581818 -5.06807e-17 1.3 0.2 ] [ 0.581818 0.0763636 -5.35233e-17 1.3 0.3 ] [ 0.581818 0.0872727 -3.32762e-17 1.3 0.4 ] [ 0.581818 0.0909091 1.57672e-18 1.3 0.5 ] [ 0.581818 0.0872727 3.58493e-17 1.3 0.6 ] [ 0.581818 0.0763636 5.44036e-17 1.3 0.7 ] [ 0.581818 0.0581818 5.16393e-17 1.3 0.8 ] [ 0.581818 0.0327273 2.94904e-17 1.3 0.9 ] [ 0.581818 0 0 1.3 1 ] 
[ 0.509091 0 0 1.4 0 ] [ 0.509091 0.0327273 -2.69481e-17 1.4 0.1 ] [ 0.509091 0.0581818 -4.67864e-17 1.4 0.2 ] [ 0.509091 0.0763636 -4.90895e-17 1.4 0.3 ] [ 0.509091 0.0872727 -3.13402e-17 1.4 0.4 ] [ 0.509091 0.0909091 2.34358e-18 1.4 0.5 ] [ 0.509091 0.0872727 3.19844e-17 1.4 0.6 ] [ 0.509091 0.0763636 4.94631e-17 1.4 0.7 ] [ 0.509091 0.0581818 4.66965e-17 1.4 0.8 ] [ 0.509091 0.0327273 2.64935e-17 1.4 0.9 ] [ 0.509091 0 0 1.4 1 ] 
[ 0.436364 0 0 1.5 0 ] [ 0.436364 0.0327273 -2.34738e-17 1.5 0.1 ] [ 0.436364 0.0581818 -4.28534e-17 1.5 0.2 ] [ 0.436364 0.0763636 -4.3576e-17 1.5 0.3 ] [ 0.436364 0.0872727 -2.73536e-17 1.5 0.4 ] [ 0.436364 0.0909091 3.77619e-19 1.5 0.5 ] [ 0.436364 0.0872727 2.83534e-17 1.5 0.6 ] [ 0.436364 0.0763636 4.39088e-17 1.5 0.7 ] [ 0.436364 0.0581818 4.17344e-17 1.5 0.8 ] [ 0.436364 0.0327273 2.31829e-17 1.5 0.9 ] [ 0.436364 0 0 1.5 1 ] 
[ 0.363636 0 0 1.6 0 ] [ 0.363636 0.0327273 -2.09833e-17 1.6 0.1 ] [ 0.363636 0.0581818 -3.53348e-17 1.6 0.2 ] [ 0.363636 0.0763636 -3.79677e-17 1.6 0.3 ] [ 0.363636 0.0872727 -2.37472e-17 1.6 0.4 ] [ 0.363636 0.0909091 3.07887e-19 1.6 0.5 ] [ 0.363636 0.0872727 2.44442e-17 1.6 0.6 ] [ 0.363636 0.0763636 3.72939e-17 1.6 0.7 ] [ 0.363636 0.0581818 3.60703e-17 1.6 0.8 ] [ 0.363636 0.0327273 2.06841e-17 1.6 0.9 ] [ 0.363636 0 0 1.6 1 ] 
[ 0.290909 0 0 1.7 0 ] [ 0.290909 0.0327273 -1.73037e-17 1.7 0.1 ] [ 0.290909 0.0581818 -2.88029e-17 1.7 0.2 ] [ 0.290909 0.0763636 -3.19061e-17 1.7 0.3 ] [ 0.290909 0.0872727 -1.88944e-17 1.7 0.4 ] [ 0.290909 0.0909091 -1.68285e-19 1.7 0.5 ] [ 0.290909 0.0872727 2.09504e-17 1.7 0.6 ] [ 0.290909 0.0763636 3.07929e-17 1.7 0.7 ] [ 0.290909 0.0581818 2.97361e-17 1.7 0.8 ] [ 0.290909 0.0327273 1.74056e-17 1.7 0.9 ] [ 0.290909 0 0 1.7 1 ] 
[ 0.218182 0 0 1.8 0 ] [ 0.218182 0.0327273 -1.3821e-17 1.8 0.1 ] [ 0.218182 0.0581818 -2.32409e-17 1.8 0.2 ] [ 0.218182 0.0763636 -2.3763e-17 1.8 0.3 ] [ 0.218182 0.0872727 -1.47069e-17 1.8 0.4 ] [ 0.218182 0.0909091 7.94633e-19 1.8 0.5 ] [ 0.218182 0.0872727 1.56812e-17 1.8 0.6 ] [ 0.218182 0.0763636 2.44424e-17 1.8 0.7 ] [ 0.218182 0.0581818 2.38762e-17 1.8 0.8 ] [ 0.218182 0.0327273 1.42331e-17 1.8 0.9 ] [ 0.218182 0 0 1.8 1 ] 
[ 0.145455 0 0 1.9 0 ] [ 0.145455 0.0327273 -1.10295e-17 1.9 0.1 ] [ 0.145455 0.0581818 -1.76458e-17 1.9 0.2 ] [ 0.145455 0.0763636 -1.74441e-17 1.9 0.3 ] [ 0.145455 0.0872727 -9.95737e-18 1.9 0.4 ] [ 0.145455 0.0909091 8.99706e-19 1.9 0.5 ] [ 0.145455 0.0872727 1.23587e-17 1.9 0.6 ] [ 0.145455 0.0763636 1.90784e-17 1.9 0.7 ] [ 0.145455 0.0581818 1.87412e-17 1.9 0.8 ] [ 0.145455 0.0327273 1.11752e-17 1.9 0.9 ] [ 0.145455 0 0 1.9 1 ] 
[ 0.0727273 0 0 2 0 ] [ 0.0727273 0.0327273 -8.68181e-18 2 0.1 ] [ 0.0727273 0.0581818 -1.41683e-17 2 0.2 ] [ 0.0727273 0.0763636 -1.35209e-17 2 0.3 ] [ 0.0727273 0.0872727 -7.89125e-18 2 0.4 ] [ 0.0727273 0.0909091 1.32285e-18 2 0.5 ] [ 0.0727273 0.0872727 1.00152e-17 2 0.6 ] [ 0.0727273 0.0763636 1.59232e-17 2 0.7 ] [ 0.0727273 0.0581818 1.5529e-17 2 0.8 ] [ 0.0727273 0.0327273 9.20365e-18 2 0.9 ] [ 0.0727273 0 0 2 1 ] 
[ 0 0 0 2.1 0 ] [ 0 0.0327273 -8.68181e-18 2.1 0.1 ] [ 0 0.0581818 -1.41683e-17 2.1 0.2 ] [ 0 0.0763636 -1.35209e-17 2.1 0.3 ] [ 0 0.0872727 -7.89125e-18 2.1 0.4 ] [ 0 0.0909091 1.32285e-18 2.1 0.5 ] [ 0 0.0872727 1.00152e-17 2.1 0.6 ] [ 0 0.0763636 1.59232e-17 2.1 0.7 ] [ 0 0.0581818 1.5529e-17 2.1 0.8 ] [ 0 0.0327273 9.20365e-18 2.1 0.9 ] [ 0 0 0 2.1 1 ] 
