[ 1.6 0 0 -0.1 0 ] [ 1.6 0.0327273 -2.1719e-18 -0.1 0.1 ] [ 1.6 0.0581818 -3.47706e-18 -0.1 0.2 ] [ 1.6 0.0763636 -3.53936e-18 -0.1 0.3 ] [ 1.6 0.0872727 -2.31573e-18 -0.1 0.4 ] [ 1.6 0.0909091 -1.95937e-19 -0.1 0.5 ] [ 1.6 0.0872727 2.24503e-18 -0.1 0.6 ] [ 1.6 0.0763636 4.05654e-18 -0.1 0.7 ] [ 1.6 0.0581818 4.28649e-18 -0.1 0.8 ] [ 1.6 0.0327273 2.6777e-18 -0.1 0.9 ] [ 1.6 0 0 -0.1 1 ] 
[ 1.52727 0 0 0 0 ] [ 1.52727 0.0327273 -2.1719e-18 0 0.1 ] [ 1.52727 0.0581818 -3.47706e-18 0 0.2 ] [ 1.52727 0.0763636 -3.53936e-18 0 0.3 ] [ 1.52727 0.0872727 -2.31573e-18 0 0.4 ] [ 1.52727 0.0909091 -1.95937e-19 0 0.5 ] [ 1.52727 0.0872727 2.24503e-18 0 0.6 ] [ 1.52727 0.0763636 4.05654e-18 0 0.7 ] [ 1.52727 0.0581818 4.28649e-18 0 0.8 ] [ 1.52727 0.0327273 2.6777e-18 0 0.9 ] [ 1.52727 0 0 0 1 ] 
[ 1.45455 0 0 0.1 0 ] [ 1.45455 0.0327273 -3.05415e-18 0.1 0.1 ] [ 1.45455 0.0581818 -4.75693e-18 0.1 0.2 ] [ 1.45455 0.0763636 -4.8749e-18 0.1 0.3 ] [ 1.45455 0.0872727 -3.25283e-18 0.1 0.4 ] [ 1.45455 0.0909091 -5.34844e-19 0.1 0.5 ] [ 1.45455 0.0872727 2.90757e-18 0.1 0.6 ] [ 1.45455 0.0763636 5.69881e-18 0.1 0.7 ] [ 1.45455 0.0581818 6.18081e-18 0.1 0.8 ] [ 1.45455 0.0327273 3.76323e-18 0.1 0.9 ] [ 1.45455 0 0 0.1 1 ] 
[ 1.38182 0 0 0.2 0 ] [ 1.38182 0.0327273 -5.2986e-18 0.2 0.1 ] [ 1.38182 0.0581818 -7.74806e-18 0.2 0.2 ] [ 1.38182 0.0763636 -8.16151e-18 0.2 0.3 ] [ 1.38182 0.0872727 -5.42334e-18 0.2 0.4 ] [ 1.38182 0.0909091 -1.61453e-18 0.2 0.5 ] [ 1.38182 0.0872727 4.22599e-18 0.2 0.6 ] [ 1.38182 0.0763636 9.92472e-18 0.2 0.7 ] [ 1.38182 0.0581818 1.11639e-17 0.2 0.8 ] [ 1.38182 0.0327273 6.25249e-18 0.2 0.9 ] [ 1.38182 0 0 0.2 1 ] 
[ 1.30909 0 0 0.3 0 ] [ 1.30909 0.0327273 -1.1339e-17 0.3 0.1 ] [ 1.30909 0.0581818 -1.2974e-17 0.3 0.2 ] [ 1.30909 0.0763636 -1.42319e-17 0.3 0.3 ] [ 1.30909 0.0872727 -8.89401e-18 0.3 0.4 ] [ 1.30909 0.0909091 -5.9132e-18 0.3 0.5 ] [ 1.30909 0.0872727 7.54133e-18 0.3 0.6 ] [ 1.30909 0.0763636 1.81431e-17 0.3 0.7 ] [ 1.30909 0.0581818 2.29586e-17 0.3 0.8 ] [ 1.30909 0.0327273 1.01681e-17 0.3 0.9 ] [ 1.30909 0 0 0.3 1 ] 
[ 1.23636 0 0 0.4 0 ] [ 1.23636 0.0327273 -1.04092e-17 0.4 0.1 ] [ 1.23636 0.0581818 -1.97002e-17 0.4 0.2 ] [ 1.23636 0.0763636 -1.59281e-17 0.4 0.3 ] [ 1.23636 0.0872727 -1.03505e-17 0.4 0.4 ] [ 1.23636 0.0909091 -2.36134e-18 0.4 0.5 ] [ 1.23636 0.0872727 7.17836e-18 0.4 0.6 ] [ 1.23636 0.0763636 2.40887e-17 0.4 0.7 ] [ 1.23636 0.0581818 2.31184e-17 0.4 0.8 ] [ 1.23636 0.0327273 1.16906e-17 0.4 0.9 ] [ 1.23636 0 0 0.4 1 ] 
[ 1.16364 0 0 0.5 0 ] [ 1.16364 0.0327273 -1.22054e-17 0.5 0.1 ] [ 1.16364 0.0581818 -2.37974e-17 0.5 0.2 ] [ 1.16364 0.0763636 -1.97115e-17 0.5 0.3 ] [ 1.16364 0.0872727 -1.36771e-17 0.5 0.4 ] [ 1.16364 0.0909091 -4.43161e-19 0.5 0.5 ] [ 1.16364 0.0872727 1.35382e-17 0.5 0.6 ] [ 1.16364 0.0763636 3.06985e-17 0.5 0.7 ] [ 1.16364 0.0581818 2.36073e-17 0.5 0.8 ] [ 1.16364 0.0327273 1.26403e-17 0.5 0.9 ] [ 1.16364 0 0 0.5 1 ] 
[ 1.09091 0 0 0.6 0 ] [ 1.09091 0.0327273 -1.52968e-17 0.6 0.1 ] [ 1.09091 0.0581818 -2.88377e-17 0.6 0.2 ] [ 1.09091 0.0763636 -2.49307e-17 0.6 0.3 ] [ 1.09091 0.0872727 -1.32563e-17 0.6 0.4 ] [ 1.09091 0.0909091 1.72559e-18 0.6 0.5 ] [ 1.09091 0.0872727 1.77593e-17 0.6 0.6 ] [ 1.09091 0.0763636 3.50594e-17 0.6 0.7 ] [ 1.09091 0.0581818 2.71788e-17 0.6 0.8 ] [ 1.09091 0.0327273 1.5429e-17 0.6 0.9 ] [ 1.09091 0 0 0.6 1 ] 
[ 1.01818 0 0 0.7 0 ] [ 1.01818 0.0327273 -2.14168e-17 0.7 0.1 ] [ 1.01818 0.0581818 -3.52855e-17 0.7 0.2 ] [ 1.01818 0.0763636 -2.79202e-17 0.7 0.3 ] [ 1.01818 0.0872727 -1.45356e-17 0.7 0.4 ] [ 1.01818 0.0909091 2.88248e-18 0.7 0.5 ] [ 1.01818 0.0872727 2.09227e-17 0.7 0.6 ] [ 1.01818 0.0763636 3.77849e-17 0.7 0.7 ] [ 1.01818 0.0581818 3.53297e-17 0.7 0.8 ] [ 1.01818 0.0327273 2.16684e-17 0.7 0.9 ] [ 1.01818 0 0 0.7 1 ] 
[ 0.945455 0 0 0.8 0 ] [ 0.945455 0.0327273 -2.80535e-17 0.8 0.1 ] [ 0.945455 0.0581818 -4.1956e-17 0.8 0.2 ] [ 0.945455 0.0763636 -3.6998e-17 0.8 0.3 ] [ 0.945455 0.0872727 -1.98694e-17 0.8 0.4 ] [ 0.945455 0.0909091 3.37083e-18 0.8 0.5 ] [ 0.945455 0.0872727 2.68633e-17 0.8 0.6 ] [ 0.945455 0.0763636 4.37726e-17 0.8 0.7 ] [ 0.945455 0.0581818 4.82769e-17 0.8 0.8 ] [ 0.945455 0.0327273 2.97535e-17 0.8 0.9 ] [ 0.945455 0 0 0.8 1 ] 
[ 0.872727 0 0 0.9 0 ] [ 0.872727 0.0327273 -3.35431e-17 0.9 0.1 ] [ 0.872727 0.0581818 -4.87989e-17 0.9 0.2 ] [ 0.872727 0.0763636 -4.41589e-17 0.9 0.3 ] [ 0.872727 0.0872727 -2.63892e-17 0.9 0.4 ] [ 0.872727 0.0909091 4.86789e-18 0.9 0.5 ] [ 0.872727 0.0872727 3.16293e-17 0.9 0.6 ] [ 0.872727 0.0763636 5.12801e-17 0.9 0.7 ] [ 0.872727 0.0581818 5.32667e-17 0.9 0.8 ] [ 0.872727 0.0327273 3.22707e-17 0.9 0.9 ] [ 0.872727 0 0 0.9 1 ] 
[ 0.8 0 0 1 0 ] [ 0.8 0.0327273 -3.31712e-17 1 0.1 ] [ 0.8 0.0581818 -5.11068e-17 1 0.2 ] [ 0.8 0.0763636 -5.07699e-17 1 0.3 ] [ 0.8 0.0872727 -3.19324e-17 1 0.4 ] [ 0.8 0.0909091 3.43816e-18 1 0.5 ] [ 0.8 0.0872727 3.72378e-17 1 0.6 ] [ 0.8 0.0763636 5.44299e-17 1 0.7 ] [ 0.8 0.0581818 5.46575e-17 1 0.8 ] [ 0.8 0.0327273 3.29452e-17 1 0.9 ] [ 0.8 0 0 1 1 ] 
[ 0.727273 0 0 1.1 0 ] [ 0.727273 0.0327273 -3.30046e-17 1.1 0.1 ] [ 0.727273 0.0581818 -5.22079e-17 1.1 0.2 ] [ 0.727273 0.0763636 -5.37136e-17 1.1 0.3 ] [ 0.727273 0.0872727 -3.43068e-17 1.1 0.4 ] [ 0.727273 0.0909091 2.62035e-18 1.1 0.5 ] [ 0.727273 0.0872727 3.84881e-17 1.1 0.6 ] [ 0.727273 0.0763636 5.60833e-17 1.1 0.7 ] [ 0.727273 0.0581818 5.50713e-17 1.1 0.8 ] [ 0.727273 0.0327273 3.26538e-17 1.1 0.9 ] [ 0.727273 0 0 1.1 1 ] 
[ 0.654545 0 0 1.2 0 ] [ 0.654545 0.0327273 -3.05943e-17 1.2 0.1 ] [ 0.654545 0.0581818 -5.27816e-17 1.2 0.2 ] [ 0.654545 0.0763636 -5.52151e-17 1.2 0.3 ] [ 0.654545 0.0872727 -3.33459e-17 1.2 0.4 ] [ 0.654545 0.0909091 1.38275e-18 1.2 0.5 ] [ 0.654545 0.0872727 3.72475e-17 1.2 0.6 ] [ 0.654545 0.0763636 5.73514e-17 1.2 0.7 ] [ 0.654545 0.0581818 5.35445e-17 1.2 0.8 ] [ 0.654545 0.0327273 3.07714e-17 1.2 0.9 ] [ 0.654545 0 0 1.2 1 ] 
[ 0.581818 0 0 1.3 0 ] [ 0.581818 0.0327273 -3.00296e-17 1.3 0.1 ] [ 0.581818 0.0581818 -5.06802e-17 1.3 0.2 ] [ 0.581818 0.0763636 -5.35227e-17 1.3 0.3 ] [ 0.581818 0.0872727 -3.32755e-17 1.3 0.4 ] [ 0.581818 0.0909091 1.57749e-18 1.3 0.5 ] [ 0.581818 0.0872727 3.585e-17 1.3 0.6 ] [ 0.581818 0.0763636 5.44042e-17 1.3 0.7 ] [ 0.581818 0.0581818 5.16398e-17 1.3 0.8 ] [ 0.581818 0.0327273 2.94906e-17 1.3 0.9 ] [ 0.581818 0 0 1.3 1 ] 
[ 0.509091 0 0 1.4 0 ] [ 0.509091 0.0327273 -2.69478e-17 1.4 0.1 ] [ 0.509091 0.0581818 -4.67859e-17 1.4 0.2 ] [ 0.509091 0.0763636 -4.90889e-17 1.4 0.3 ] [ 0.509091 0.0872727 -3.13394e-17 1.4 0.4 ] [ 0.509091 0.0909091 2.34435e-18 1.4 0.5 ] [ 0.509091 0.0872727 3.19851e-17 1.4 0.6 ] [ 0.509091 0.0763636 4.94637e-17 1.4 0.7 ] [ 0.509091 0.0581818 4.6697e-17 1.4 0.8 ] [ 0.509091 0.0327273 2.64938e-17 1.4 0.9 ] [ 0.509091 0 0 1.4 1 ] 
[ 0.436364 0 0 1.5 0 ] [ 0.436364 0.0327273 -2.34735e-17 1.5 0.1 ] [ 0.436364 0.0581818 -4.28529e-17 1.5 0.2 ] [ 0.436364 0.0763636 -4.35754e-17 1.5 0.3 ] [ 0.436364 0.0872727 -2.73528e-17 1.5 0.4 ] [ 0.436364 0.0909091 3.78396e-19 1.5 0.5 ] [ 0.436364 0.0872727 2.83541e-17 1.5 0.6 ] [ 0.436364 0.0763636 4.39094e-17 1.5 0.7 ] [ 0.436364 0.0581818 4.17349e-17 1.5 0.8 ] [ 0.436364 0.0327273 2.31831e-17 1.5 0.9 ] [ 0.436364 0 0 1.5 1 ] 
[ 0.363636 0 0 1.6 0 ] [ 0.363636 0.0327273 -2.09831e-17 1.6 0.1 ] [ 0.363636 0.0581818 -3.53343e-17 1.6 0.2 ] [ 0.363636 0.0763636 -3.7967e-17 1.6 0.3 ] [ 0.363636 0.0872727 -2.37464e-17 1.6 0.4 ] [ 0.363636 0.0909091 3.08667e-19 1.6 0.5 ] [ 0.363636 0.0872727 2.4445e-17 1.6 0.6 ] [ 0.363636 0.0763636 3.72945e-17 1.6 0.7 ] [ 0.363636 0.0581818 3.60708e-17 1.6 0.8 ] [ 0.363636 0.0327273 2.06843e-17 1.6 0.9 ] [ 0.363636 0 0 1.6 1 ] 
[ 0.290909 0 0 1.7 0 ] [ 0.290909 0.0327273 -1.73034e-17 1.7 0.1 ] [ 0.290909 0.0581818 -2.88024e-17 1.7 0.2 ] [ 0.290909 0.0763636 -3.19055e-17 1.7 0.3 ] [ 0.290909 0.0872727 -1.88937e-17 1.7 0.4 ] [ 0.290909 0.0909091 -1.67502e-19 1.7 0.5 ] [ 0.290909 0.0872727 2.09512e-17 1.7 0.6 ] [ 0.290909 0.0763636 3.07935e-17 1.7 0.7 ] [ 0.290909 0.0581818 2.97366e-17 1.7 0.8 ] [ 0.290909 0.0327273 1.74058e-17 1.7 0.9 ] [ 0.290909 0 0 1.7 1 ] 
[ 0.218182 0 0 1.8 0 ] [ 0.218182 0.0327273 -1.38208e-17 1.8 0.1 ] [ 0.218182 0.0581818 -2.32404e-17 1.8 0.2 ] [ 0.218182 0.0763636 -2.37624e-17 1.8 0.3 ] [ 0.218182 0.0872727 -1.47062e-17 1.8 0.4 ] [ 0.218182 0.0909091 7.95418e-19 1.8 0.5 ] [ 0.218182 0.0872727 1.56819e-17 1.8 0.6 ] [ 0.218182 0.0763636 2.4443e-17 1.8 0.7 ] [ 0.218182 0.0581818 2.38766e-17 1.8 0.8 ] [ 0.218182 0.0327273 1.42333e-17 1.8 0.9 ] [ 0.218182 0 0 1.8 1 ] 
[ 0.145455 0 0 1.9 0 ] [ 0.145455 0.0327273 -1.10293e-17 1.9 0.1 ] [ 0.145455 0.0581818 -1.76453e-17 1.9 0.2 ] [ 0.145455 0.0763636 -1.74435e-17 1.9 0.3 ] [ 0.145455 0.0872727 -9.95662e-18 1.9 0.4 ] [ 0.145455 0.0909091 9.00493e-19 1.9 0.5 ] [ 0.145455 0.0872727 1.23594e-17 1.9 0.6 ] [ 0.145455 0.0763636 1.9079e-17 1.9 0.7 ] [ 0.145455 0.0581818 1.87416e-17 1.9 0.8 ] [ 0.145455 0.0327273 1.11754e-17 1.9 0.9 ] [ 0.145455 0 0 1.9 1 ] 
[ 0.0727273 0 0 2 0 ] [ 0.0727273 0.0327273 -8.68157e-18 2 0.1 ] [ 0.0727273 0.0581818 -1.41678e-17 2 0.2 ] [ 0.0727273 0.0763636 -1.35202e-17 2 0.3 ] [ 0.0727273 0.0872727 -7.8905e-18 2 0.4 ] [ 0.0727273 0.0909091 1.32363e-18 2 0.5 ] [ 0.0727273 0.0872727 1.0016e-17 2 0.6 ] [ 0.0727273 0.0763636 1.59239e-17 2 0.7 ] [ 0.0727273 0.0581818 1.55295e-17 2 0.8 ] [ 0.0727273 0.0327273 9.20389e-18 2 0.9 ] [ 0.0727273 0 0 2 1 ] 
[ 0 0 0 2.1 0 ] [ 0 0.0327273 -8.68157e-18 2.1 0.1 ] [ 0 0.0581818 -1.41678e-17 2.1 0.2 ] [ 0 0.0763636 -1.35202e-17 2.1 0.3 ] [ 0 0.0872727 -7.8905e-18 2.1 0.4 ] [ 0 0.0909091 1.32363e-18 2.1 0.5 ] [ 0 0.0872727 1.0016e-17 2.1 0.6 ] [ 0 0.0763636 1.59239e-17 2.1 0.7 ] [ 0 0.0581818 1.55295e-17 2.1 0.8 ] [ 0 0.0327273 9.20389e-18 2.1 0.9 ] [ 0 0 0 2.1 1 ] 
