0
0.0067438
0.0134781
0.0202032
0.0269193
0.0336268
0.0403259
0.0470167
0.0536997
0.0603749
0.0670428
0.0737036
0.0803575
0.0870049
0.0936462
0.100282
0.106911
0.113536
0.120156
0.126771
0.133382
0.139989
0.146593
0.153194
0.159791
0.166387
0.17298
0.179571
0.186161
0.19275
0.199338
0.205925
0.212511
0.219098
0.225685
0.232272
0.238861
0.24545
0.25204
0.258631
0.265224
0.271819
0.278416
0.285015
0.291616
0.29822
0.304826
0.311435
0.318048
0.324663
0.331281
0.337903
0.344529
0.351157
0.35779
0.364427
0.371067
0.377711
0.38436
0.391012
0.397669
0.40433
0.410996
0.417666
0.424341
0.43102
0.437704
0.444393
0.451086
0.457785
0.464488
0.471196
0.477909
0.484627
0.49135
0.498079
0.504812
0.511551
0.518294
0.525043
0.531798
0.538557
0.545322
0.552092
0.558867
0.565648
0.572434
0.579226
0.586023
0.592825
0.599633
0.606446
0.613265
0.620089
0.626919
0.633754
0.640594
0.64744
0.654292
0.661149
0.668012
0.67488
0.681753
0.688632
0.695517
0.702407
0.709302
0.716203
0.72311
0.730022
0.736939
0.743862
0.750791
0.757725
0.764664
0.771609
0.77856
0.785515
0.792477
0.799443
0.806415
0.813393
0.820376
0.827364
0.834358
0.841357
0.848362
0.855372
0.862387
0.869408
0.876434
0.883465
0.890501
0.897543
0.904591
0.911643
0.918701
0.925764
0.932832
0.939905
0.946984
0.954068
0.961157
0.968251
0.975351
0.982455
0.989565
0.99668
1.0038
1.01092
1.01805
1.02519
1.03233
1.03948
1.04663
1.05378
1.06094
1.06811
1.07528
1.08245
1.08963
1.09682
1.10401
1.1112
1.1184
1.12561
1.13281
1.14003
1.14725
1.15447
1.1617
1.16893
1.17617
1.18341
1.19066
1.19791
1.20517
1.21243
1.2197
1.22697
1.23424
1.24152
1.24881
1.25609
1.26339
1.27069
1.27799
1.2853
1.29261
1.29992
1.30724
1.31457
1.3219
1.32923
1.33657
1.34391
1.35126
1.35861
1.36596
1.37332
1.38068
1.38805
1.39542
1.4028
1.41018
1.41756
1.42495
1.43234
1.43974
1.44714
1.45455
1.46196
1.46937
1.47679
1.48421
1.49163
1.49906
1.50649
1.51393
1.52137
1.52882
1.53627
1.54372
1.55117
1.55863
1.5661
1.57357
1.58104
1.58851
1.59599
1.60347
1.61096
1.61845
1.62594
1.63344
1.64094
1.64845
1.65596
1.66347
1.67098
1.6785
1.68603
1.69355
1.70108
1.70861
1.71615
1.72369
1.73123
1.73878
1.74633
1.75389
1.76144
1.769
1.77657
1.78413
1.7917
1.79928
1.80686
1.81444
1.82202
1.82961
1.8372
1.84479
1.85239
1.85999
1.86759
1.87519
1.8828
1.89041
1.89803
1.90565
1.91327
1.92089
1.92852
1.93615
1.94378
1.95142
1.95906
1.9667
1.97435
1.982
1.98965
1.9973
2.00496
2.01262
2.02028
2.02794
2.03561
2.04328
2.05096
2.05863
2.06631
2.074
2.08168
2.08937
2.09706
2.10475
2.11245
2.12014
2.12785
2.13555
2.14325
2.15096
2.15867
2.16639
2.17411
2.18182
2.18955
2.19727
2.205
2.21273
2.22046
2.22819
2.23593
2.24367
2.25141
2.25915
2.2669
2.27465
2.2824
2.29015
2.29791
2.30567
2.31343
2.32119
2.32895
2.33672
2.34449
2.35226
2.36004
2.36781
2.37559
2.38337
2.39116
2.39894
2.40673
2.41452
2.42231
2.43011
2.4379
2.4457
2.4535
2.4613
2.46911
2.47691
2.48472
2.49253
2.50035
2.50816
2.51598
2.5238
2.53162
2.53944
2.54727
2.55509
2.56292
2.57075
2.57859
2.58642
2.59426
2.6021
2.60994
2.61778
2.62562
2.63347
2.64132
2.64917
2.65702
2.66487
2.67273
2.68059
2.68845
2.69631
2.70417
2.71203
2.7199
2.72777
2.73564
2.74351
2.75138
2.75926
2.76713
2.77501
2.78289
2.79077
2.79866
2.80654
2.81443
2.82232
2.83021
2.8381
2.84599
2.85388
2.86178
2.86968
2.87758
2.88548
2.89338
2.90129
2.90919
2.9171
2.92501
2.93292
2.94083
2.94874
2.95666
2.96458
2.97249
2.98041
2.98833
2.99626
3.00418
3.0121
3.02003
3.02796
3.03589
3.04382
3.05175
3.05969
3.06762
3.07556
3.08349
3.09143
3.09937
3.10732
3.11526
3.1232
3.13115
3.1391
3.14705
3.155
3.16295
3.1709
3.17885
3.18681
3.19476
3.20272
3.21068
3.21864
3.2266
3.23457
3.24253
3.25049
3.25846
3.26643
3.2744
3.28237
3.29034
3.29831
3.30628
3.31426
3.32223
3.33021
3.33819
3.34617
3.35415
3.36213
3.37011
3.3781
3.38608
3.39407
3.40205
3.41004
3.41803
3.42602
3.43401
3.44201
3.45
3.458
3.46599
3.47399
3.48199
3.48998
3.49798
3.50599
3.51399
3.52199
3.52999
3.538
3.54601
3.55401
3.56202
3.57003
3.57804
3.58605
3.59406
3.60208
3.61009
3.61811
3.62612
3.63414
3.64216
3.65017
3.65819
3.66621
3.67424
3.68226
3.69028
3.69831
3.70633
3.71436
3.72238
3.73041
3.73844
3.74647
3.7545
3.76253
3.77056
3.7786
3.78663
3.79467
3.8027
3.81074
3.81877
3.82681
3.83485
3.84289
3.85093
3.85897
3.86702
3.87506
3.8831
3.89115
3.89919
3.90724
3.91529
3.92333
3.93138
3.93943
3.94748
3.95553
3.96358
3.97164
3.97969
3.98774
3.9958
4.00385
4.01191
4.01997
4.02802
4.03608
4.04414
4.0522
4.06026
4.06832
4.07638
4.08445
4.09251
4.10057
4.10864
4.1167
4.12477
4.13284
4.1409
4.14897
4.15704
4.16511
4.17318
4.18125
4.18932
4.19739
4.20547
4.21354
4.22161
4.22969
4.23776
4.24584
4.25392
4.26199
4.27007
4.27815
4.28623
4.29431
4.30239
4.31047
4.31855
4.32663
4.33471
4.3428
4.35088
4.35897
4.36705
4.37514
4.38322
4.39131
4.3994
4.40748
4.41557
4.42366
4.43175
4.43984
4.44793
4.45602
4.46411
4.47221
4.4803
4.48839
4.49649
4.50458
4.51268
4.52077
4.52887
4.53696
4.54506
4.55316
4.56126
4.56936
4.57746
4.58555
4.59365
4.60176
4.60986
4.61796
4.62606
4.63416
4.64227
4.65037
4.65847
4.66658
4.67468
4.68279
4.69089
4.699
4.70711
4.71522
4.72332
4.73143
4.73954
4.74765
4.75576
4.76387
4.77198
4.78009
4.7882
4.79631
4.80443
4.81254
4.82065
4.82877
4.83688
4.845
4.85311
4.86123
4.86934
4.87746
4.88557
4.89369
4.90181
4.90993
4.91805
4.92616
4.93428
4.9424
4.95052
4.95864
4.96676
4.97488
4.98301
4.99113
4.99925
5.00737
5.0155
5.02362
5.03174
5.03987
5.04799
5.05612
5.06424
5.07237
5.08049
5.08862
5.09675
5.10487
5.113
5.12113
5.12926
5.13739
5.14552
5.15365
5.16177
5.1699
5.17804
5.18617
5.1943
5.20243
5.21056
5.21869
5.22682
5.23496
5.24309
5.25122
5.25936
5.26749
5.27563
5.28376
5.2919
5.30003
5.30817
5.3163
5.32444
5.33258
5.34071
5.34885
5.35699
5.36513
5.37326
5.3814
5.38954
5.39768
5.40582
5.41396
5.4221
5.43024
5.43838
5.44652
5.45466
5.4628
5.47094
5.47909
5.48723
5.49537
5.50351
5.51166
5.5198
5.52794
5.53609
5.54423
5.55238
5.56052
5.56867
5.57681
5.58496
5.5931
5.60125
5.6094
5.61754
5.62569
5.63384
5.64199
5.65013
5.65828
5.66643
5.67458
5.68273
5.69088
5.69902
5.70717
5.71532
5.72347
5.73162
5.73977
5.74793
5.75608
5.76423
5.77238
5.78053
5.78868
5.79684
5.80499
5.81314
5.82129
5.82945
5.8376
5.84575
5.85391
5.86206
5.87022
5.87837
5.88652
5.89468
5.90283
5.91099
5.91915
5.9273
5.93546
5.94361
5.95177
5.95993
5.96808
5.97624
5.9844
5.99255
6.00071
6.00887
6.01703
6.02519
6.03335
6.0415
6.04966
6.05782
6.06598
6.07414
6.0823
6.09046
6.09862
6.10678
6.11494
6.1231
6.13126
6.13942
6.14759
6.15575
6.16391
6.17207
6.18023
6.18839
6.19656
6.20472
6.21288
6.22105
6.22921
6.23737
6.24554
6.2537
6.26186
6.27003
6.27819
6.28636
6.29452
6.30268
6.31085
6.31901
6.32718
6.33534
6.34351
6.35168
6.35984
6.36801
6.37617
6.38434
6.39251
6.40067
6.40884
6.41701
6.42518
6.43334
6.44151
6.44968
6.45785
6.46601
6.47418
6.48235
6.49052
6.49869
6.50686
6.51502
6.52319
6.53136
6.53953
6.5477
6.55587
6.56404
6.57221
6.58038
6.58855
6.59672
6.60489
6.61306
6.62123
6.62941
6.63758
6.64575
6.65392
6.66209
6.67026
6.67843
6.68661
6.69478
6.70295
6.71112
6.7193
6.72747
6.73564
6.74381
6.75199
6.76016
6.76833
6.77651
6.78468
6.79285
6.80103
6.8092
6.81738
6.82555
6.83372
6.8419
6.85007
6.85825
6.86642
6.8746
6.88277
6.89095
6.89912
6.9073
6.91547
6.92365
6.93183
6.94
6.94818
6.95635
6.96453
6.97271
6.98088
6.98906
6.99724
7.00541
7.01359
7.02177
7.02994
7.03812
7.0463
7.05448
7.06265
7.07083
7.07901
7.08719
7.09537
7.10354
7.11172
7.1199
7.12808
7.13626
7.14444
7.15262
7.16079
7.16897
7.17715
7.18533
7.19351
7.20169
7.20987
7.21805
7.22623
7.23441
7.24259
7.25077
7.25895
7.26713
7.27531
7.28349
7.29167
7.29985
7.30803
7.31621
7.32439
7.33257
7.34076
7.34894
7.35712
7.3653
7.37348
7.38166
7.38984
7.39803
7.40621
7.41439
7.42257
7.43075
7.43894
7.44712
7.4553
7.46348
7.47167
7.47985
7.48803
7.49621
7.5044
7.51258
7.52076
7.52895
7.53713
7.54531
7.5535
7.56168
7.56986
7.57805
7.58623
7.59441
7.6026
7.61078
7.61897
7.62715
7.63533
7.64352
7.6517
7.65989
7.66807
7.67626
7.68444
7.69263
7.70081
7.709
7.71718
7.72537
7.73355
7.74174
7.74992
7.75811
7.76629
7.77448
7.78266
7.79085
7.79903
7.80722
7.81541
7.82359
7.83178
7.83996
7.84815
7.85634
7.86452
7.87271
7.8809
7.88908
7.89727
7.90546
7.91364
7.92183
7.93002
7.9382
7.94639
7.95458
7.96276
7.97095
7.97914
7.98733
7.99551
8.0037
8.01189
8.02008
8.02826
8.03645
8.04464
8.05283
8.06101
8.0692
8.07739
8.08558
8.09377
8.10195
8.11014
8.11833
8.12652
8.13471
8.1429
8.15109
8.15927
8.16746
8.17565
8.18384
8.19203
8.20022
8.20841
8.2166
8.22479
8.23297
8.24116
8.24935
8.25754
8.26573
8.27392
8.28211
8.2903
8.29849
8.30668
8.31487
8.32306
8.33125
8.33944
8.34763
8.35582
8.36401
8.3722
8.38039
8.38858
8.39677
8.40496
8.41315
8.42134
8.42953
8.43772
8.44591
8.4541
8.46229
8.47048
8.47867
8.48687
8.49506
8.50325
8.51144
8.51963
8.52782
8.53601
8.5442
8.55239
8.56059
8.56878
8.57697
8.58516
8.59335
8.60154
8.60973
8.61793
8.62612
8.63431
8.6425
8.65069
8.65888
8.66708
8.67527
8.68346
8.69165
8.69984
8.70804
8.71623
8.72442
8.73261
8.74081
8.749
8.75719
8.76538
8.77357
8.78177
8.78996
8.79815
8.80634
8.81454
8.82273
8.83092
8.83912
8.84731
8.8555
8.86369
8.87189
8.88008
8.88827
8.89647
8.90466
8.91285
8.92105
8.92924
8.93743
8.94563
8.95382
8.96201
8.97021
8.9784
8.98659
8.99479
9.00298
9.01117
9.01937
9.02756
9.03576
9.04395
9.05214
9.06034
9.06853
9.07672
9.08492
9.09311
9.10131
9.1095
9.11769
9.12589
9.13408
9.14228
9.15047
9.15867
9.16686
9.17505
9.18325
9.19144
9.19964
9.20783
9.21603
9.22422
9.23242
9.24061
9.24881
9.257
9.26519
9.27339
9.28158
9.28978
9.29797
9.30617
9.31436
9.32256
9.33075
9.33895
9.34714
9.35534
9.36353
9.37173
9.37992
9.38812
9.39632
9.40451
9.41271
9.4209
9.4291
9.43729
9.44549
9.45368
9.46188
9.47007
9.47827
9.48646
9.49466
9.50286
9.51105
9.51925
9.52744
9.53564
9.54383
9.55203
9.56023
9.56842
9.57662
9.58481
9.59301
9.60121
9.6094
9.6176
9.62579
9.63399
9.64219
9.65038
9.65858
9.66678
9.67497
9.68317
9.69136
9.69956
9.70776
9.71595
9.72415
9.73235
9.74054
9.74874
9.75694
9.76513
9.77333
9.78153
9.78972
9.79792
9.80612
9.81431
9.82251
9.83071
9.8389
9.8471
9.8553
9.86349
9.87169
9.87989
9.88808
9.89628
9.90448
9.91267
9.92087
9.92907
9.93727
9.94546
9.95366
9.96186
9.97005
9.97825
9.98645
9.99465
10.0028
10.011
10.0192
10.0274
10.0356
10.0438
10.052
10.0602
10.0684
10.0766
10.0848
10.093
10.1012
10.1094
10.1176
10.1258
10.134
10.1422
10.1504
10.1586
10.1668
10.175
10.1832
10.1914
10.1996
10.2078
10.216
10.2242
10.2324
10.2406
10.2488
10.257
10.2652
10.2734
10.2816
10.2898
10.298
10.3062
10.3144
10.3226
10.3308
10.3389
10.3471
10.3553
10.3635
10.3717
10.3799
10.3881
10.3963
10.4045
10.4127
10.4209
10.4291
10.4373
10.4455
10.4537
10.4619
10.4701
10.4783
10.4865
10.4947
10.5029
10.5111
10.5193
10.5275
10.5357
10.5439
10.5521
10.5603
10.5685
10.5767
10.5849
10.5931
10.6013
10.6095
10.6177
10.6259
10.6341
10.6423
10.6505
10.6587
10.6669
10.6751
10.6833
10.6915
10.6997
10.7079
10.7161
10.7243
10.7325
10.7407
10.7489
10.7571
10.7653
10.7735
10.7817
10.7899
10.7981
10.8063
10.8145
10.8227
10.8309
10.8391
10.8473
10.8555
10.8637
10.8719
10.8801
10.8883
10.8965
10.9047
10.9129
10.9211
10.9293
10.9375
10.9457
10.9539
10.9621
10.9703
10.9785
10.9867
10.9949
11.0031
11.0113
11.0195
11.0277
11.0359
11.0441
11.0523
11.0605
11.0687
11.0769
11.0851
11.0933
11.1015
11.1097
11.1179
11.1261
11.1343
11.1425
11.1507
11.1589
11.1671
11.1753
11.1835
11.1917
11.1999
11.2081
11.2163
11.2245
11.2327
11.2409
11.2491
11.2573
11.2655
11.2737
11.2819
11.2901
11.2983
11.3065
11.3147
11.3229
11.3311
11.3393
11.3475
11.3557
11.3639
11.3721
11.3803
11.3885
11.3967
11.4049
11.4131
11.4213
11.4295
11.4377
11.4459
11.4541
11.4623
11.4705
11.4787
11.4869
11.4951
11.5033
11.5115
11.5197
11.5279
11.5361
11.5443
11.5525
11.5607
11.5689
11.5771
11.5853
11.5935
11.6017
11.6099
11.6181
11.6263
11.6345
11.6427
11.6509
11.6591
11.6673
11.6755
11.6837
11.6919
11.7001
11.7083
11.7165
11.7247
11.7329
11.7411
11.7493
11.7575
11.7657
11.7739
11.7821
11.7903
11.7985
11.8067
11.8149
11.8231
11.8313
11.8395
11.8477
11.8559
11.8641
11.8723
11.8805
11.8887
11.8969
11.9051
11.9133
11.9215
11.9297
11.9379
11.9461
11.9543
11.9625
11.9707
11.9789
11.9871
11.9953
12.0035
12.0117
12.0199
12.0281
12.0363
12.0445
12.0527
12.0609
12.0691
12.0773
12.0855
12.0937
12.1019
12.1101
12.1183
12.1265
12.1347
12.1429
12.1511
12.1593
12.1675
12.1757
12.1839
12.1921
12.2003
12.2085
12.2167
12.2249
12.2331
12.2413
12.2495
12.2577
12.2659
12.2741
12.2823
12.2905
12.2987
12.3069
12.3151
12.3233
12.3315
12.3397
12.3479
12.3561
12.3643
12.3725
12.3807
12.3889
12.3971
12.4053
12.4135
12.4218
12.43
12.4382
12.4464
12.4546
12.4628
12.471
12.4792
12.4874
12.4956
12.5038
12.512
12.5202
12.5284
12.5366
12.5448
12.553
12.5612
12.5694
12.5776
12.5858
12.594
12.6022
12.6104
12.6186
12.6268
12.635
12.6432
12.6514
12.6596
12.6678
12.676
12.6842
12.6924
12.7006
12.7088
12.717
12.7252
12.7334
12.7416
12.7498
12.758
12.7662
12.7744
12.7826
12.7908
12.799
12.8072
12.8154
12.8236
12.8318
12.84
12.8482
12.8564
12.8646
12.8728
12.881
12.8892
12.8974
12.9056
12.9138
12.922
12.9302
12.9384
12.9467
12.9549
12.9631
12.9713
12.9795
12.9877
12.9959
13.0041
13.0123
13.0205
13.0287
13.0369
13.0451
13.0533
13.0615
13.0697
13.0779
13.0861
13.0943
13.1025
13.1107
13.1189
13.1271
13.1353
13.1435
13.1517
13.1599
13.1681
13.1763
13.1845
13.1927
13.2009
13.2091
13.2173
13.2255
13.2337
13.2419
13.2501
13.2583
13.2665
13.2747
13.2829
13.2911
13.2993
13.3075
13.3157
13.3239
13.3321
13.3403
13.3485
13.3567
13.3649
13.3731
13.3814
13.3896
13.3978
13.406
13.4142
13.4224
13.4306
13.4388
13.447
13.4552
13.4634
13.4716
13.4798
13.488
13.4962
13.5044
13.5126
13.5208
13.529
13.5372
13.5454
13.5536
13.5618
13.57
13.5782
13.5864
13.5946
13.6028
13.611
13.6192
13.6274
13.6356
13.6438
13.652
13.6602
13.6684
13.6766
13.6848
13.693
13.7012
13.7094
13.7176
13.7258
13.734
13.7422
13.7504
13.7587
13.7669
13.7751
13.7833
13.7915
13.7997
13.8079
13.8161
13.8243
13.8325
13.8407
13.8489
13.8571
13.8653
13.8735
13.8817
13.8899
13.8981
13.9063
13.9145
13.9227
13.9309
13.9391
13.9473
13.9555
13.9637
13.9719
13.9801
13.9883
13.9965
14.0047
14.0129
14.0211
14.0293
14.0375
14.0457
14.0539
14.0621
14.0703
14.0785
14.0867
14.0949
14.1031
14.1114
14.1196
14.1278
14.136
14.1442
14.1524
14.1606
14.1688
14.177
14.1852
14.1934
14.2016
14.2098
14.218
14.2262
14.2344
14.2426
14.2508
14.259
14.2672
14.2754
14.2836
14.2918
14.3
14.3082
14.3164
14.3246
14.3328
14.341
14.3492
14.3574
14.3656
14.3738
14.382
14.3902
14.3984
14.4066
14.4148
14.423
14.4312
14.4395
14.4477
14.4559
14.4641
14.4723
14.4805
14.4887
14.4969
14.5051
14.5133
14.5215
14.5297
14.5379
14.5461
14.5543
14.5625
14.5707
14.5789
14.5871
14.5953
14.6035
14.6117
14.6199
14.6281
14.6363
14.6445
14.6527
14.6609
14.6691
14.6773
14.6855
14.6937
14.7019
14.7101
14.7183
14.7265
14.7347
14.7429
14.7511
14.7594
14.7676
14.7758
14.784
14.7922
14.8004
14.8086
14.8168
14.825
14.8332
14.8414
14.8496
14.8578
14.866
14.8742
14.8824
14.8906
14.8988
14.907
14.9152
14.9234
14.9316
14.9398
14.948
14.9562
14.9644
14.9726
14.9808
14.989
14.9972
15.0054
15.0136
15.0218
15.03
15.0382
15.0464
15.0546
15.0629
15.0711
15.0793
15.0875
15.0957
15.1039
15.1121
15.1203
15.1285
15.1367
15.1449
15.1531
15.1613
15.1695
15.1777
15.1859
15.1941
15.2023
15.2105
15.2187
15.2269
15.2351
15.2433
15.2515
15.2597
15.2679
15.2761
15.2843
15.2925
15.3007
15.3089
15.3171
15.3253
15.3335
15.3417
15.35
15.3582
15.3664
15.3746
15.3828
15.391
15.3992
15.4074
15.4156
15.4238
15.432
15.4402
15.4484
15.4566
15.4648
15.473
15.4812
15.4894
15.4976
15.5058
15.514
15.5222
15.5304
15.5386
15.5468
15.555
15.5632
15.5714
15.5796
15.5878
15.596
15.6042
15.6124
15.6206
15.6288
15.6371
15.6453
15.6535
15.6617
15.6699
15.6781
15.6863
15.6945
15.7027
15.7109
15.7191
15.7273
15.7355
15.7437
15.7519
15.7601
15.7683
15.7765
15.7847
15.7929
15.8011
15.8093
15.8175
15.8257
15.8339
15.8421
15.8503
15.8585
15.8667
15.8749
15.8831
15.8913
15.8995
15.9077
15.9159
15.9242
15.9324
15.9406
15.9488
15.957
15.9652
15.9734
15.9816
15.9898
15.998
16.0062
16.0144
16.0226
16.0308
16.039
16.0472
16.0554
16.0636
16.0718
16.08
16.0882
16.0964
16.1046
16.1128
16.121
16.1292
16.1374
16.1456
16.1538
16.162
16.1702
16.1784
16.1866
16.1949
16.2031
16.2113
16.2195
16.2277
16.2359
16.2441
16.2523
16.2605
16.2687
16.2769
16.2851
16.2933
16.3015
16.3097
16.3179
16.3261
16.3343
16.3425
16.3507
16.3589
16.3671
16.3753
16.3835
16.3917
16.3999
16.4081
16.4163
16.4245
16.4327
16.4409
16.4491
16.4573
16.4656
16.4738
16.482
16.4902
16.4984
16.5066
16.5148
16.523
16.5312
16.5394
16.5476
16.5558
16.564
16.5722
16.5804
16.5886
16.5968
16.605
16.6132
16.6214
16.6296
16.6378
16.646
16.6542
16.6624
16.6706
16.6788
16.687
16.6952
16.7034
16.7116
16.7198
16.728
16.7363
16.7445
16.7527
16.7609
16.7691
16.7773
16.7855
16.7937
16.8019
16.8101
16.8183
16.8265
16.8347
16.8429
16.8511
16.8593
16.8675
16.8757
16.8839
16.8921
16.9003
16.9085
16.9167
16.9249
16.9331
16.9413
16.9495
16.9577
16.9659
16.9741
16.9823
16.9905
16.9988
17.007
17.0152
17.0234
17.0316
17.0398
17.048
17.0562
17.0644
17.0726
17.0808
17.089
17.0972
17.1054
17.1136
17.1218
17.13
17.1382
17.1464
17.1546
17.1628
17.171
17.1792
17.1874
17.1956
17.2038
17.212
17.2202
17.2284
17.2366
17.2448
17.253
17.2613
17.2695
17.2777
17.2859
17.2941
17.3023
17.3105
17.3187
17.3269
17.3351
17.3433
17.3515
17.3597
17.3679
17.3761
17.3843
17.3925
17.4007
17.4089
17.4171
17.4253
17.4335
17.4417
17.4499
17.4581
17.4663
17.4745
17.4827
17.4909
17.4991
17.5073
17.5156
17.5238
17.532
17.5402
17.5484
17.5566
17.5648
17.573
17.5812
17.5894
17.5976
17.6058
17.614
17.6222
17.6304
17.6386
17.6468
17.655
17.6632
17.6714
17.6796
17.6878
17.696
17.7042
17.7124
17.7206
17.7288
17.737
17.7452
17.7534
17.7616
17.7698
17.7781
17.7863
17.7945
17.8027
17.8109
17.8191
17.8273
17.8355
17.8437
17.8519
17.8601
17.8683
17.8765
17.8847
17.8929
17.9011
17.9093
17.9175
17.9257
17.9339
17.9421
17.9503
17.9585
17.9667
17.9749
17.9831
17.9913
17.9995
18.0077
18.0159
18.0241
18.0324
18.0406
18.0488
18.057
18.0652
18.0734
18.0816
18.0898
18.098
18.1062
18.1144
18.1226
18.1308
18.139
18.1472
18.1554
18.1636
18.1718
18.18
18.1882
18.1964
18.2046
18.2128
18.221
18.2292
18.2374
18.2456
18.2538
18.262
18.2702
18.2784
18.2867
18.2949
18.3031
18.3113
18.3195
18.3277
18.3359
18.3441
18.3523
18.3605
18.3687
18.3769
18.3851
18.3933
18.4015
18.4097
18.4179
18.4261
18.4343
18.4425
18.4507
18.4589
18.4671
18.4753
18.4835
18.4917
18.4999
18.5081
18.5163
18.5245
18.5327
18.541
18.5492
18.5574
18.5656
18.5738
18.582
18.5902
18.5984
18.6066
18.6148
18.623
18.6312
18.6394
18.6476
18.6558
18.664
18.6722
18.6804
18.6886
18.6968
18.705
18.7132
18.7214
18.7296
18.7378
18.746
18.7542
18.7624
18.7706
18.7788
18.7871
18.7953
18.8035
18.8117
18.8199
18.8281
18.8363
18.8445
18.8527
18.8609
18.8691
18.8773
18.8855
18.8937
18.9019
18.9101
18.9183
18.9265
18.9347
18.9429
18.9511
18.9593
18.9675
18.9757
18.9839
18.9921
19.0003
19.0085
19.0167
19.0249
19.0331
19.0414
19.0496
19.0578
19.066
19.0742
19.0824
19.0906
19.0988
19.107
19.1152
19.1234
19.1316
19.1398
19.148
19.1562
19.1644
19.1726
19.1808
19.189
19.1972
19.2054
19.2136
19.2218
19.23
19.2382
19.2464
19.2546
19.2628
19.271
19.2792
19.2875
19.2957
19.3039
19.3121
19.3203
19.3285
19.3367
19.3449
19.3531
19.3613
19.3695
19.3777
19.3859
19.3941
19.4023
19.4105
19.4187
19.4269
19.4351
19.4433
19.4515
19.4597
19.4679
19.4761
19.4843
19.4925
19.5007
19.5089
19.5171
19.5253
19.5336
19.5418
19.55
19.5582
19.5664
19.5746
19.5828
19.591
19.5992
19.6074
19.6156
19.6238
19.632
19.6402
19.6484
19.6566
19.6648
19.673
19.6812
19.6894
19.6976
19.7058
19.714
19.7222
19.7304
19.7386
19.7468
19.755
19.7632
19.7714
19.7796
19.7879
19.7961
19.8043
19.8125
19.8207
19.8289
19.8371
19.8453
19.8535
19.8617
19.8699
19.8781
19.8863
19.8945
19.9027
19.9109
19.9191
19.9273
19.9355
19.9437
19.9519
19.9601
19.9683
19.9765
19.9847
19.9929
20.0011
20.0093
20.0175
20.0257
20.034
20.0422
20.0504
20.0586
20.0668
20.075
20.0832
20.0914
20.0996
20.1078
20.116
20.1242
20.1324
20.1406
20.1488
20.157
20.1652
20.1734
20.1816
20.1898
20.198
20.2062
20.2144
20.2226
20.2308
20.239
20.2472
20.2554
20.2636
20.2718
20.2801
20.2883
20.2965
20.3047
20.3129
20.3211
20.3293
20.3375
20.3457
20.3539
20.3621
20.3703
20.3785
20.3867
20.3949
20.4031
20.4113
20.4195
20.4277
20.4359
20.4441
20.4523
20.4605
20.4687
20.4769
20.4851
20.4933
20.5015
20.5097
20.5179
20.5262
20.5344
20.5426
20.5508
20.559
20.5672
20.5754
20.5836
20.5918
20.6
20.6082
20.6164
20.6246
20.6328
20.641
20.6492
20.6574
20.6656
20.6738
20.682
20.6902
20.6984
20.7066
20.7148
20.723
20.7312
20.7394
20.7476
20.7558
20.764
20.7723
20.7805
20.7887
20.7969
20.8051
20.8133
20.8215
20.8297
20.8379
20.8461
20.8543
20.8625
20.8707
20.8789
20.8871
20.8953
20.9035
20.9117
20.9199
20.9281
20.9363
20.9445
20.9527
20.9609
20.9691
20.9773
20.9855
20.9937
21.0019
21.0101
21.0184
21.0266
21.0348
21.043
21.0512
21.0594
21.0676
21.0758
21.084
21.0922
21.1004
21.1086
21.1168
21.125
21.1332
21.1414
21.1496
21.1578
21.166
21.1742
21.1824
21.1906
21.1988
21.207
21.2152
21.2234
21.2316
21.2398
21.248
21.2563
21.2645
21.2727
21.2809
21.2891
21.2973
21.3055
21.3137
21.3219
21.3301
21.3383
21.3465
21.3547
21.3629
21.3711
21.3793
21.3875
21.3957
21.4039
21.4121
21.4203
21.4285
21.4367
21.4449
21.4531
21.4613
21.4695
21.4777
21.4859
21.4941
21.5024
21.5106
21.5188
21.527
21.5352
21.5434
21.5516
21.5598
21.568
21.5762
21.5844
21.5926
21.6008
21.609
21.6172
21.6254
21.6336
21.6418
21.65
21.6582
21.6664
21.6746
21.6828
21.691
21.6992
21.7074
21.7156
21.7238
21.732
21.7402
21.7485
21.7567
21.7649
21.7731
21.7813
21.7895
21.7977
21.8059
21.8141
21.8223
21.8305
21.8387
21.8469
21.8551
21.8633
21.8715
21.8797
21.8879
21.8961
21.9043
21.9125
21.9207
21.9289
21.9371
21.9453
21.9535
21.9617
21.9699
21.9781
21.9863
21.9946
22.0028
22.011
22.0192
22.0274
22.0356
22.0438
22.052
22.0602
22.0684
22.0766
22.0848
22.093
22.1012
22.1094
22.1176
22.1258
22.134
22.1422
22.1504
22.1586
22.1668
22.175
22.1832
22.1914
22.1996
22.2078
22.216
22.2242
22.2325
22.2407
22.2489
22.2571
22.2653
22.2735
22.2817
22.2899
22.2981
22.3063
22.3145
22.3227
22.3309
22.3391
22.3473
22.3555
22.3637
22.3719
22.3801
22.3883
22.3965
22.4047
22.4129
22.4211
22.4293
22.4375
22.4457
22.4539
22.4621
22.4703
22.4786
22.4868
22.495
22.5032
22.5114
22.5196
22.5278
22.536
22.5442
22.5524
22.5606
22.5688
22.577
22.5852
22.5934
22.6016
22.6098
22.618
22.6262
22.6344
22.6426
22.6508
22.659
22.6672
22.6754
22.6836
22.6918
22.7
22.7082
22.7164
22.7247
22.7329
22.7411
22.7493
22.7575
22.7657
22.7739
22.7821
22.7903
22.7985
22.8067
22.8149
22.8231
22.8313
22.8395
22.8477
22.8559
22.8641
22.8723
22.8805
22.8887
22.8969
22.9051
22.9133
22.9215
22.9297
22.9379
22.9461
22.9543
22.9626
22.9708
22.979
22.9872
22.9954
23.0036
23.0118
23.02
23.0282
23.0364
23.0446
23.0528
23.061
23.0692
23.0774
23.0856
23.0938
23.102
23.1102
23.1184
23.1266
23.1348
23.143
23.1512
23.1594
23.1676
23.1758
23.184
23.1922
23.2004
23.2087
23.2169
23.2251
23.2333
23.2415
23.2497
23.2579
23.2661
23.2743
23.2825
23.2907
23.2989
23.3071
23.3153
23.3235
23.3317
23.3399
23.3481
23.3563
23.3645
23.3727
23.3809
23.3891
23.3973
23.4055
23.4137
23.4219
23.4301
23.4383
23.4466
23.4548
23.463
23.4712
23.4794
23.4876
23.4958
23.504
23.5122
23.5204
23.5286
23.5368
23.545
23.5532
23.5614
23.5696
23.5778
23.586
23.5942
23.6024
23.6106
23.6188
23.627
23.6352
23.6434
23.6516
23.6598
23.668
23.6762
23.6844
23.6927
23.7009
23.7091
23.7173
23.7255
23.7337
23.7419
23.7501
23.7583
23.7665
23.7747
23.7829
23.7911
23.7993
23.8075
23.8157
23.8239
23.8321
23.8403
23.8485
23.8567
23.8649
23.8731
23.8813
23.8895
23.8977
23.9059
23.9141
23.9223
23.9306
23.9388
23.947
23.9552
23.9634
23.9716
23.9798
23.988
23.9962
24.0044
24.0126
24.0208
24.029
24.0372
24.0454
24.0536
24.0618
24.07
24.0782
24.0864
24.0946
24.1028
24.111
24.1192
24.1274
24.1356
24.1438
24.152
24.1602
24.1684
24.1767
24.1849
24.1931
24.2013
24.2095
24.2177
24.2259
24.2341
24.2423
24.2505
24.2587
24.2669
24.2751
24.2833
24.2915
24.2997
24.3079
24.3161
24.3243
24.3325
24.3407
24.3489
24.3571
24.3653
24.3735
24.3817
24.3899
24.3981
24.4063
24.4146
24.4228
24.431
24.4392
24.4474
24.4556
24.4638
24.472
24.4802
24.4884
24.4966
24.5048
24.513
24.5212
24.5294
24.5376
24.5458
24.554
24.5622
24.5704
24.5786
24.5868
24.595
24.6032
24.6114
24.6196
24.6278
24.636
24.6442
24.6524
24.6607
24.6689
24.6771
24.6853
24.6935
24.7017
24.7099
24.7181
24.7263
24.7345
24.7427
24.7509
24.7591
24.7673
24.7755
24.7837
24.7919
24.8001
24.8083
24.8165
24.8247
24.8329
24.8411
24.8493
24.8575
24.8657
24.8739
24.8821
24.8903
24.8986
24.9068
24.915
24.9232
24.9314
24.9396
24.9478
24.956
24.9642
24.9724
24.9806
24.9888
24.997
25.0052
25.0134
25.0216
25.0298
25.038
25.0462
25.0544
25.0626
25.0708
25.079
25.0872
25.0954
25.1036
25.1118
25.12
25.1282
25.1364
25.1447
25.1529
25.1611
25.1693
25.1775
25.1857
25.1939
25.2021
25.2103
25.2185
25.2267
25.2349
25.2431
25.2513
25.2595
25.2677
25.2759
25.2841
25.2923
25.3005
25.3087
25.3169
25.3251
25.3333
25.3415
25.3497
25.3579
25.3661
25.3743
25.3826
25.3908
25.399
25.4072
25.4154
25.4236
25.4318
25.44
25.4482
25.4564
25.4646
25.4728
25.481
25.4892
25.4974
25.5056
25.5138
25.522
25.5302
25.5384
25.5466
25.5548
25.563
25.5712
25.5794
25.5876
25.5958
25.604
25.6122
25.6204
25.6287
25.6369
25.6451
25.6533
25.6615
25.6697
25.6779
25.6861
25.6943
25.7025
25.7107
25.7189
25.7271
25.7353
25.7435
25.7517
25.7599
25.7681
25.7763
25.7845
25.7927
25.8009
25.8091
25.8173
25.8255
25.8337
25.8419
25.8501
25.8583
25.8666
25.8748
25.883
25.8912
25.8994
25.9076
25.9158
25.924
25.9322
25.9404
25.9486
25.9568
25.965
25.9732
25.9814
25.9896
25.9978
26.006
26.0142
26.0224
26.0306
26.0388
26.047
26.0552
26.0634
26.0716
26.0798
26.088
26.0962
26.1044
26.1127
26.1209
26.1291
26.1373
26.1455
26.1537
26.1619
26.1701
26.1783
26.1865
26.1947
26.2029
26.2111
26.2193
26.2275
26.2357
26.2439
26.2521
26.2603
26.2685
26.2767
26.2849
26.2931
26.3013
26.3095
26.3177
26.3259
26.3341
26.3423
26.3506
26.3588
26.367
26.3752
26.3834
26.3916
26.3998
26.408
26.4162
26.4244
26.4326
26.4408
26.449
26.4572
26.4654
26.4736
26.4818
26.49
26.4982
26.5064
26.5146
26.5228
26.531
26.5392
26.5474
26.5556
26.5638
26.572
26.5802
26.5884
26.5967
26.6049
26.6131
26.6213
26.6295
26.6377
26.6459
26.6541
26.6623
26.6705
26.6787
26.6869
26.6951
26.7033
26.7115
26.7197
26.7279
26.7361
26.7443
26.7525
26.7607
26.7689
26.7771
26.7853
26.7935
26.8017
26.8099
26.8181
26.8263
26.8346
26.8428
26.851
26.8592
26.8674
26.8756
26.8838
26.892
26.9002
26.9084
26.9166
26.9248
26.933
26.9412
26.9494
26.9576
26.9658
26.974
26.9822
26.9904
26.9986
27.0068
27.015
27.0232
27.0314
27.0396
27.0478
27.056
27.0642
27.0725
27.0807
27.0889
27.0971
27.1053
27.1135
27.1217
27.1299
27.1381
27.1463
27.1545
27.1627
27.1709
27.1791
27.1873
27.1955
27.2037
27.2119
27.2201
27.2283
27.2365
27.2447
27.2529
27.2611
27.2693
27.2775
27.2857
27.2939
27.3021
27.3103
27.3186
27.3268
27.335
27.3432
27.3514
27.3596
27.3678
27.376
27.3842
27.3924
27.4006
27.4088
27.417
27.4252
27.4334
27.4416
27.4498
27.458
27.4662
27.4744
27.4826
27.4908
27.499
27.5072
27.5154
27.5236
27.5318
27.54
27.5482
27.5565
27.5647
27.5729
27.5811
27.5893
27.5975
27.6057
27.6139
27.6221
27.6303
27.6385
27.6467
27.6549
27.6631
27.6713
27.6795
27.6877
27.6959
27.7041
27.7123
27.7205
27.7287
27.7369
27.7451
27.7533
27.7615
27.7697
27.7779
27.7861
27.7943
27.8026
27.8108
27.819
27.8272
27.8354
27.8436
27.8518
27.86
27.8682
27.8764
27.8846
27.8928
27.901
27.9092
27.9174
27.9256
27.9338
27.942
27.9502
27.9584
27.9666
27.9748
27.983
27.9912
27.9994
28.0076
28.0158
28.024
28.0322
28.0405
28.0487
28.0569
28.0651
28.0733
28.0815
28.0897
28.0979
28.1061
28.1143
28.1225
28.1307
28.1389
28.1471
28.1553
28.1635
28.1717
28.1799
28.1881
28.1963
28.2045
28.2127
28.2209
28.2291
28.2373
28.2455
28.2537
28.2619
28.2701
28.2783
28.2866
28.2948
28.303
28.3112
28.3194
28.3276
28.3358
28.344
28.3522
28.3604
28.3686
28.3768
28.385
28.3932
28.4014
28.4096
28.4178
28.426
28.4342
28.4424
28.4506
28.4588
28.467
28.4752
28.4834
28.4916
28.4998
28.508
28.5162
28.5245
28.5327
28.5409
28.5491
28.5573
28.5655
28.5737
28.5819
28.5901
28.5983
28.6065
28.6147
28.6229
28.6311
28.6393
28.6475
28.6557
28.6639
28.6721
28.6803
28.6885
28.6967
28.7049
28.7131
28.7213
28.7295
28.7377
28.7459
28.7541
28.7624
28.7706
28.7788
28.787
28.7952
28.8034
28.8116
28.8198
28.828
28.8362
28.8444
28.8526
28.8608
28.869
28.8772
28.8854
28.8936
28.9018
28.91
28.9182
28.9264
28.9346
28.9428
28.951
28.9592
28.9674
28.9756
28.9838
28.992
29.0002
29.0085
29.0167
29.0249
29.0331
29.0413
29.0495
29.0577
29.0659
29.0741
29.0823
29.0905
29.0987
29.1069
29.1151
29.1233
29.1315
29.1397
29.1479
29.1561
29.1643
29.1725
29.1807
29.1889
29.1971
29.2053
29.2135
29.2217
29.2299
29.2381
29.2464
29.2546
29.2628
29.271
29.2792
29.2874
29.2956
29.3038
29.312
29.3202
29.3284
29.3366
29.3448
29.353
29.3612
29.3694
29.3776
29.3858
29.394
29.4022
29.4104
29.4186
29.4268
29.435
29.4432
29.4514
29.4596
29.4678
29.476
29.4842
29.4925
29.5007
29.5089
29.5171
29.5253
29.5335
29.5417
29.5499
29.5581
29.5663
29.5745
29.5827
29.5909
29.5991
29.6073
29.6155
29.6237
29.6319
29.6401
29.6483
29.6565
29.6647
29.6729
29.6811
29.6893
29.6975
29.7057
29.7139
29.7221
29.7304
29.7386
29.7468
29.755
29.7632
29.7714
29.7796
29.7878
29.796
29.8042
29.8124
29.8206
29.8288
29.837
29.8452
29.8534
29.8616
29.8698
29.878
29.8862
29.8944
29.9026
29.9108
29.919
29.9272
29.9354
29.9436
29.9518
29.96
29.9683
29.9765
29.9847
29.9929
30.0011
30.0093
30.0175
30.0257
30.0339
30.0421
30.0503
30.0585
30.0667
30.0749
30.0831
30.0913
30.0995
30.1077
30.1159
30.1241
30.1323
30.1405
30.1487
30.1569
30.1651
30.1733
30.1815
30.1897
30.1979
30.2061
30.2144
30.2226
30.2308
30.239
30.2472
30.2554
30.2636
30.2718
30.28
30.2882
30.2964
30.3046
30.3128
30.321
30.3292
30.3374
30.3456
30.3538
30.362
30.3702
30.3784
30.3866
30.3948
30.403
30.4112
30.4194
30.4276
30.4358
30.444
30.4523
30.4605
30.4687
30.4769
30.4851
30.4933
30.5015
30.5097
30.5179
30.5261
30.5343
30.5425
30.5507
30.5589
30.5671
30.5753
30.5835
30.5917
30.5999
30.6081
30.6163
30.6245
30.6327
30.6409
30.6491
30.6573
30.6655
30.6737
30.6819
30.6901
30.6984
30.7066
30.7148
30.723
30.7312
30.7394
30.7476
30.7558
30.764
30.7722
30.7804
30.7886
30.7968
30.805
30.8132
30.8214
30.8296
30.8378
30.846
30.8542
30.8624
30.8706
30.8788
30.887
30.8952
30.9034
30.9116
30.9198
30.928
30.9363
30.9445
30.9527
30.9609
30.9691
30.9773
30.9855
30.9937
31.0019
31.0101
31.0183
31.0265
31.0347
31.0429
31.0511
31.0593
31.0675
31.0757
31.0839
31.0921
31.1003
31.1085
31.1167
31.1249
31.1331
31.1413
31.1495
31.1577
31.1659
31.1742
31.1824
31.1906
31.1988
31.207
31.2152
31.2234
31.2316
31.2398
31.248
31.2562
31.2644
31.2726
31.2808
31.289
31.2972
31.3054
31.3136
31.3218
31.33
31.3382
31.3464
31.3546
31.3628
31.371
31.3792
31.3874
31.3956
31.4038
31.412
31.4203
31.4285
31.4367
31.4449
31.4531
31.4613
31.4695
31.4777
31.4859
31.4941
31.5023
31.5105
31.5187
31.5269
31.5351
31.5433
31.5515
31.5597
31.5679
31.5761
31.5843
31.5925
31.6007
31.6089
31.6171
31.6253
31.6335
31.6417
31.6499
31.6582
31.6664
31.6746
31.6828
31.691
31.6992
31.7074
31.7156
31.7238
31.732
31.7402
31.7484
31.7566
31.7648
31.773
31.7812
31.7894
31.7976
31.8058
31.814
31.8222
31.8304
31.8386
31.8468
31.855
31.8632
31.8714
31.8796
31.8878
31.896
31.9043
31.9125
31.9207
31.9289
31.9371
31.9453
31.9535
31.9617
31.9699
31.9781
31.9863
31.9945
32.0027
32.0109
32.0191
32.0273
32.0355
32.0437
32.0519
32.0601
32.0683
32.0765
32.0847
32.0929
32.1011
32.1093
32.1175
32.1257
32.1339
32.1422
32.1504
32.1586
32.1668
32.175
32.1832
32.1914
32.1996
32.2078
32.216
32.2242
32.2324
32.2406
32.2488
32.257
32.2652
32.2734
32.2816
32.2898
32.298
32.3062
32.3144
32.3226
32.3308
32.339
32.3472
32.3554
32.3636
32.3718
32.38
32.3883
32.3965
32.4047
32.4129
32.4211
32.4293
32.4375
32.4457
32.4539
32.4621
32.4703
32.4785
32.4867
32.4949
32.5031
32.5113
32.5195
32.5277
32.5359
32.5441
32.5523
32.5605
32.5687
32.5769
32.5851
32.5933
32.6015
32.6097
32.6179
32.6262
32.6344
32.6426
32.6508
32.659
32.6672
32.6754
32.6836
32.6918
32.7
32.7082
32.7164
32.7246
32.7328
32.741
32.7492
32.7574
32.7656
32.7738
32.782
32.7902
32.7984
32.8066
32.8148
32.823
32.8312
32.8394
32.8476
32.8558
32.8641
32.8723
32.8805
32.8887
32.8969
32.9051
32.9133
32.9215
32.9297
32.9379
32.9461
32.9543
32.9625
32.9707
32.9789
32.9871
32.9953
33.0035
33.0117
33.0199
33.0281
33.0363
33.0445
33.0527
33.0609
33.0691
33.0773
33.0855
33.0937
33.1019
33.1102
33.1184
33.1266
33.1348
33.143
33.1512
33.1594
33.1676
33.1758
33.184
33.1922
33.2004
33.2086
33.2168
33.225
33.2332
33.2414
33.2496
33.2578
33.266
33.2742
33.2824
33.2906
33.2988
33.307
33.3152
33.3234
33.3316
33.3398
33.3481
33.3563
33.3645
33.3727
33.3809
33.3891
33.3973
33.4055
33.4137
33.4219
33.4301
33.4383
33.4465
33.4547
33.4629
33.4711
33.4793
33.4875
33.4957
33.5039
33.5121
33.5203
33.5285
33.5367
33.5449
33.5531
33.5613
33.5695
33.5777
33.5859
33.5942
33.6024
33.6106
33.6188
33.627
33.6352
33.6434
33.6516
33.6598
33.668
33.6762
33.6844
33.6926
33.7008
33.709
33.7172
33.7254
33.7336
33.7418
33.75
33.7582
33.7664
33.7746
33.7828
33.791
33.7992
33.8074
33.8156
33.8238
33.8321
33.8403
33.8485
33.8567
33.8649
33.8731
33.8813
33.8895
33.8977
33.9059
33.9141
33.9223
33.9305
33.9387
33.9469
33.9551
33.9633
33.9715
33.9797
33.9879
33.9961
34.0043
34.0125
34.0207
34.0289
34.0371
34.0453
34.0535
34.0617
34.07
34.0782
34.0864
34.0946
34.1028
34.111
34.1192
34.1274
34.1356
34.1438
34.152
34.1602
34.1684
34.1766
34.1848
34.193
34.2012
34.2094
34.2176
34.2258
34.234
34.2422
34.2504
34.2586
34.2668
34.275
34.2832
34.2914
34.2996
34.3078
34.3161
34.3243
34.3325
34.3407
34.3489
34.3571
34.3653
34.3735
34.3817
34.3899
34.3981
34.4063
34.4145
34.4227
34.4309
34.4391
34.4473
34.4555
34.4637
34.4719
34.4801
34.4883
34.4965
34.5047
34.5129
34.5211
34.5293
34.5375
34.5457
34.554
34.5622
34.5704
34.5786
34.5868
34.595
34.6032
34.6114
34.6196
34.6278
34.636
34.6442
34.6524
34.6606
34.6688
34.677
34.6852
34.6934
34.7016
34.7098
34.718
34.7262
34.7344
34.7426
34.7508
34.759
34.7672
34.7754
34.7836
34.7918
34.8001
34.8083
34.8165
34.8247
34.8329
34.8411
34.8493
34.8575
34.8657
34.8739
34.8821
34.8903
34.8985
34.9067
34.9149
34.9231
34.9313
34.9395
34.9477
34.9559
34.9641
34.9723
34.9805
34.9887
34.9969
35.0051
35.0133
35.0215
35.0297
35.038
35.0462
35.0544
35.0626
35.0708
35.079
35.0872
35.0954
35.1036
35.1118
35.12
35.1282
35.1364
35.1446
35.1528
35.161
35.1692
35.1774
35.1856
35.1938
35.202
35.2102
35.2184
35.2266
35.2348
35.243
35.2512
35.2594
35.2676
35.2759
35.2841
35.2923
35.3005
35.3087
35.3169
35.3251
35.3333
35.3415
35.3497
35.3579
35.3661
35.3743
35.3825
35.3907
35.3989
35.4071
35.4153
35.4235
35.4317
35.4399
35.4481
35.4563
35.4645
35.4727
35.4809
35.4891
35.4973
35.5055
35.5137
35.522
35.5302
35.5384
35.5466
35.5548
35.563
35.5712
35.5794
35.5876
35.5958
35.604
35.6122
35.6204
35.6286
35.6368
35.645
35.6532
35.6614
35.6696
35.6778
35.686
35.6942
35.7024
35.7106
35.7188
35.727
35.7352
35.7434
35.7516
35.7599
35.7681
35.7763
35.7845
35.7927
35.8009
35.8091
35.8173
35.8255
35.8337
35.8419
35.8501
35.8583
35.8665
35.8747
35.8829
35.8911
35.8993
35.9075
35.9157
35.9239
35.9321
35.9403
35.9485
35.9567
35.9649
35.9731
35.9813
35.9895
35.9977
36.006
36.0142
36.0224
36.0306
36.0388
36.047
36.0552
36.0634
36.0716
36.0798
36.088
36.0962
36.1044
36.1126
36.1208
36.129
36.1372
36.1454
36.1536
36.1618
36.17
36.1782
36.1864
36.1946
36.2028
36.211
36.2192
36.2274
36.2356
36.2439
36.2521
36.2603
36.2685
36.2767
36.2849
36.2931
36.3013
36.3095
36.3177
36.3259
36.3341
36.3423
36.3505
36.3587
36.3669
36.3751
36.3833
36.3915
36.3997
36.4079
36.4161
36.4243
36.4325
36.4407
36.4489
36.4571
36.4653
36.4735
36.4818
36.49
36.4982
36.5064
36.5146
36.5228
36.531
36.5392
36.5474
36.5556
36.5638
36.572
36.5802
36.5884
36.5966
36.6048
36.613
36.6212
36.6294
36.6376
36.6458
36.654
36.6622
36.6704
36.6786
36.6868
36.695
36.7032
36.7114
36.7196
36.7279
36.7361
36.7443
36.7525
36.7607
36.7689
36.7771
36.7853
36.7935
36.8017
36.8099
36.8181
36.8263
36.8345
36.8427
36.8509
36.8591
36.8673
36.8755
36.8837
36.8919
36.9001
36.9083
36.9165
36.9247
36.9329
36.9411
36.9493
36.9575
36.9658
36.974
36.9822
36.9904
36.9986
37.0068
37.015
37.0232
37.0314
37.0396
37.0478
37.056
37.0642
37.0724
37.0806
37.0888
37.097
37.1052
37.1134
37.1216
37.1298
37.138
37.1462
37.1544
37.1626
37.1708
37.179
37.1872
37.1954
37.2036
37.2119
37.2201
37.2283
37.2365
37.2447
37.2529
37.2611
37.2693
37.2775
37.2857
37.2939
37.3021
37.3103
37.3185
37.3267
37.3349
37.3431
37.3513
37.3595
37.3677
37.3759
37.3841
37.3923
37.4005
37.4087
37.4169
37.4251
37.4333
37.4415
37.4498
37.458
37.4662
37.4744
37.4826
37.4908
37.499
37.5072
37.5154
37.5236
37.5318
37.54
37.5482
37.5564
37.5646
37.5728
37.581
37.5892
37.5974
37.6056
37.6138
37.622
37.6302
37.6384
37.6466
37.6548
37.663
37.6712
37.6794
37.6877
37.6959
37.7041
37.7123
37.7205
37.7287
37.7369
37.7451
37.7533
37.7615
37.7697
37.7779
37.7861
37.7943
37.8025
37.8107
37.8189
37.8271
37.8353
37.8435
37.8517
37.8599
37.8681
37.8763
37.8845
37.8927
37.9009
37.9091
37.9173
37.9255
37.9338
37.942
37.9502
37.9584
37.9666
37.9748
37.983
37.9912
37.9994
38.0076
38.0158
38.024
38.0322
38.0404
38.0486
38.0568
38.065
38.0732
38.0814
38.0896
38.0978
38.106
38.1142
38.1224
38.1306
38.1388
38.147
38.1552
38.1634
38.1717
38.1799
38.1881
38.1963
38.2045
38.2127
38.2209
38.2291
38.2373
38.2455
38.2537
38.2619
38.2701
38.2783
38.2865
38.2947
38.3029
38.3111
38.3193
38.3275
38.3357
38.3439
38.3521
38.3603
38.3685
38.3767
38.3849
38.3931
38.4013
38.4095
38.4178
38.426
38.4342
38.4424
38.4506
38.4588
38.467
38.4752
38.4834
38.4916
38.4998
38.508
38.5162
38.5244
38.5326
38.5408
38.549
38.5572
38.5654
38.5736
38.5818
38.59
38.5982
38.6064
38.6146
38.6228
38.631
38.6392
38.6474
38.6557
38.6639
38.6721
38.6803
38.6885
38.6967
38.7049
38.7131
38.7213
38.7295
38.7377
38.7459
38.7541
38.7623
38.7705
38.7787
38.7869
38.7951
38.8033
38.8115
38.8197
38.8279
38.8361
38.8443
38.8525
38.8607
38.8689
38.8771
38.8853
38.8936
38.9018
38.91
38.9182
38.9264
38.9346
38.9428
38.951
38.9592
38.9674
38.9756
38.9838
38.992
39.0002
39.0084
39.0166
39.0248
39.033
39.0412
39.0494
39.0576
39.0658
39.074
39.0822
39.0904
39.0986
39.1068
39.115
39.1232
39.1314
39.1397
39.1479
39.1561
39.1643
39.1725
39.1807
39.1889
39.1971
39.2053
39.2135
39.2217
39.2299
39.2381
39.2463
39.2545
39.2627
39.2709
39.2791
39.2873
39.2955
39.3037
39.3119
39.3201
39.3283
39.3365
39.3447
39.3529
39.3611
39.3693
39.3776
39.3858
39.394
39.4022
39.4104
39.4186
39.4268
39.435
39.4432
39.4514
39.4596
39.4678
39.476
39.4842
39.4924
39.5006
39.5088
39.517
39.5252
39.5334
39.5416
39.5498
39.558
39.5662
39.5744
39.5826
39.5908
39.599
39.6072
39.6154
39.6237
39.6319
39.6401
39.6483
39.6565
39.6647
39.6729
39.6811
39.6893
39.6975
39.7057
39.7139
39.7221
39.7303
39.7385
39.7467
39.7549
39.7631
39.7713
39.7795
39.7877
39.7959
39.8041
39.8123
39.8205
39.8287
39.8369
39.8451
39.8533
39.8616
39.8698
39.878
39.8862
39.8944
39.9026
39.9108
39.919
39.9272
39.9354
39.9436
39.9518
39.96
39.9682
39.9764
39.9846
39.9928
40.001
40.0092
40.0174
40.0256
40.0338
40.042
40.0502
40.0584
40.0666
40.0748
40.083
40.0912
40.0995
40.1077
40.1159
40.1241
40.1323
40.1405
40.1487
40.1569
40.1651
40.1733
40.1815
40.1897
40.1979
40.2061
40.2143
40.2225
40.2307
40.2389
40.2471
40.2553
40.2635
40.2717
40.2799
40.2881
40.2963
40.3045
40.3127
40.3209
40.3291
40.3373
40.3456
40.3538
40.362
40.3702
40.3784
40.3866
40.3948
40.403
40.4112
40.4194
40.4276
40.4358
40.444
40.4522
40.4604
40.4686
40.4768
40.485
40.4932
40.5014
40.5096
40.5178
40.526
40.5342
40.5424
40.5506
40.5588
40.567
40.5752
40.5835
40.5917
40.5999
40.6081
40.6163
40.6245
40.6327
40.6409
40.6491
40.6573
40.6655
40.6737
40.6819
40.6901
40.6983
40.7065
40.7147
40.7229
40.7311
40.7393
40.7475
40.7557
40.7639
40.7721
40.7803
40.7885
40.7967
40.8049
40.8131
40.8213
40.8296
40.8378
40.846
40.8542
40.8624
40.8706
40.8788
40.887
40.8952
40.9034
40.9116
40.9198
40.928
40.9362
40.9444
40.9526
40.9608
40.969
40.9772
40.9854
40.9936
41.0018
41.01
41.0182
41.0264
41.0346
41.0428
41.051
41.0592
41.0675
41.0757
41.0839
41.0921
41.1003
41.1085
41.1167
41.1249
41.1331
41.1413
41.1495
41.1577
41.1659
41.1741
41.1823
41.1905
41.1987
41.2069
41.2151
41.2233
41.2315
41.2397
41.2479
41.2561
41.2643
41.2725
41.2807
41.2889
41.2971
41.3054
41.3136
41.3218
41.33
41.3382
41.3464
41.3546
41.3628
41.371
41.3792
41.3874
41.3956
41.4038
41.412
41.4202
41.4284
41.4366
41.4448
41.453
41.4612
41.4694
41.4776
41.4858
41.494
41.5022
41.5104
41.5186
41.5268
41.535
41.5432
41.5515
41.5597
41.5679
41.5761
41.5843
41.5925
41.6007
41.6089
41.6171
41.6253
41.6335
41.6417
41.6499
41.6581
41.6663
41.6745
41.6827
41.6909
41.6991
41.7073
41.7155
41.7237
41.7319
41.7401
41.7483
41.7565
41.7647
41.7729
41.7811
41.7894
41.7976
41.8058
41.814
41.8222
41.8304
41.8386
41.8468
41.855
41.8632
41.8714
41.8796
41.8878
41.896
41.9042
41.9124
41.9206
41.9288
41.937
41.9452
41.9534
41.9616
41.9698
41.978
41.9862
41.9944
42.0026
42.0108
42.019
42.0272
42.0355
42.0437
42.0519
42.0601
42.0683
42.0765
42.0847
42.0929
42.1011
42.1093
42.1175
42.1257
42.1339
42.1421
42.1503
42.1585
42.1667
42.1749
42.1831
42.1913
42.1995
42.2077
42.2159
42.2241
42.2323
42.2405
42.2487
42.2569
42.2651
42.2734
42.2816
42.2898
42.298
42.3062
42.3144
42.3226
42.3308
42.339
42.3472
42.3554
42.3636
42.3718
42.38
42.3882
42.3964
42.4046
42.4128
42.421
42.4292
42.4374
42.4456
42.4538
42.462
42.4702
42.4784
42.4866
42.4948
42.503
42.5113
42.5195
42.5277
42.5359
42.5441
42.5523
42.5605
42.5687
42.5769
42.5851
42.5933
42.6015
42.6097
42.6179
42.6261
42.6343
42.6425
42.6507
42.6589
42.6671
42.6753
42.6835
42.6917
42.6999
42.7081
42.7163
42.7245
42.7327
42.7409
42.7491
42.7574
42.7656
42.7738
42.782
42.7902
42.7984
42.8066
42.8148
42.823
42.8312
42.8394
42.8476
42.8558
42.864
42.8722
42.8804
42.8886
42.8968
42.905
42.9132
42.9214
42.9296
42.9378
42.946
42.9542
42.9624
42.9706
42.9788
42.987
42.9953
43.0035
43.0117
43.0199
43.0281
43.0363
43.0445
43.0527
43.0609
43.0691
43.0773
43.0855
43.0937
43.1019
43.1101
43.1183
43.1265
43.1347
43.1429
43.1511
43.1593
43.1675
43.1757
43.1839
43.1921
43.2003
43.2085
43.2167
43.2249
43.2331
43.2414
43.2496
43.2578
43.266
43.2742
43.2824
43.2906
43.2988
43.307
43.3152
43.3234
43.3316
43.3398
43.348
43.3562
43.3644
43.3726
43.3808
43.389
43.3972
43.4054
43.4136
43.4218
43.43
43.4382
43.4464
43.4546
43.4628
43.471
43.4793
43.4875
43.4957
43.5039
43.5121
43.5203
43.5285
43.5367
43.5449
43.5531
43.5613
43.5695
43.5777
43.5859
43.5941
43.6023
43.6105
43.6187
43.6269
43.6351
43.6433
43.6515
43.6597
43.6679
43.6761
43.6843
43.6925
43.7007
43.7089
43.7172
43.7254
43.7336
43.7418
43.75
43.7582
43.7664
43.7746
43.7828
43.791
43.7992
43.8074
43.8156
43.8238
43.832
43.8402
43.8484
43.8566
43.8648
43.873
43.8812
43.8894
43.8976
43.9058
43.914
43.9222
43.9304
43.9386
43.9468
43.955
43.9633
43.9715
43.9797
43.9879
43.9961
44.0043
44.0125
44.0207
44.0289
44.0371
44.0453
44.0535
44.0617
44.0699
44.0781
44.0863
44.0945
44.1027
44.1109
44.1191
44.1273
44.1355
44.1437
44.1519
44.1601
44.1683
44.1765
44.1847
44.1929
44.2012
44.2094
44.2176
44.2258
44.234
44.2422
44.2504
44.2586
44.2668
44.275
44.2832
44.2914
44.2996
44.3078
44.316
44.3242
44.3324
44.3406
44.3488
44.357
44.3652
44.3734
44.3816
44.3898
44.398
44.4062
44.4144
44.4226
44.4308
44.439
44.4473
44.4555
44.4637
44.4719
44.4801
44.4883
44.4965
44.5047
44.5129
44.5211
44.5293
44.5375
44.5457
44.5539
44.5621
44.5703
44.5785
44.5867
44.5949
44.6031
44.6113
44.6195
44.6277
44.6359
44.6441
44.6523
44.6605
44.6687
44.6769
44.6852
44.6934
44.7016
44.7098
44.718
44.7262
44.7344
44.7426
44.7508
44.759
44.7672
44.7754
44.7836
44.7918
44.8
44.8082
44.8164
44.8246
44.8328
44.841
44.8492
44.8574
44.8656
44.8738
44.882
44.8902
44.8984
44.9066
44.9148
44.9231
44.9313
44.9395
44.9477
44.9559
44.9641
44.9723
44.9805
44.9887
44.9969
45.0051
45.0133
45.0215
45.0297
45.0379
45.0461
45.0543
45.0625
45.0707
45.0789
45.0871
45.0953
45.1035
45.1117
45.1199
45.1281
45.1363
45.1445
45.1527
45.1609
45.1692
45.1774
45.1856
45.1938
45.202
45.2102
45.2184
45.2266
45.2348
45.243
45.2512
45.2594
45.2676
45.2758
45.284
45.2922
45.3004
45.3086
45.3168
45.325
45.3332
45.3414
45.3496
45.3578
45.366
45.3742
45.3824
45.3906
45.3988
45.4071
45.4153
45.4235
45.4317
45.4399
45.4481
45.4563
45.4645
45.4727
45.4809
45.4891
45.4973
45.5055
45.5137
45.5219
45.5301
45.5383
45.5465
45.5547
45.5629
45.5711
45.5793
45.5875
45.5957
45.6039
45.6121
45.6203
45.6285
45.6367
45.6449
45.6532
45.6614
45.6696
45.6778
45.686
45.6942
45.7024
45.7106
45.7188
45.727
45.7352
45.7434
45.7516
45.7598
45.768
45.7762
45.7844
45.7926
45.8008
45.809
45.8172
45.8254
45.8336
45.8418
45.85
45.8582
45.8664
45.8746
45.8828
45.8911
45.8993
45.9075
45.9157
45.9239
45.9321
45.9403
45.9485
45.9567
45.9649
45.9731
45.9813
45.9895
45.9977
46.0059
46.0141
46.0223
46.0305
46.0387
46.0469
46.0551
46.0633
46.0715
46.0797
46.0879
46.0961
46.1043
46.1125
46.1207
46.129
46.1372
46.1454
46.1536
46.1618
46.17
46.1782
46.1864
46.1946
46.2028
46.211
46.2192
46.2274
46.2356
46.2438
46.252
46.2602
46.2684
46.2766
46.2848
46.293
46.3012
46.3094
46.3176
46.3258
46.334
46.3422
46.3504
46.3586
46.3668
46.3751
46.3833
46.3915
46.3997
46.4079
46.4161
46.4243
46.4325
46.4407
46.4489
46.4571
46.4653
46.4735
46.4817
46.4899
46.4981
46.5063
46.5145
46.5227
46.5309
46.5391
46.5473
46.5555
46.5637
46.5719
46.5801
46.5883
46.5965
46.6047
46.613
46.6212
46.6294
46.6376
46.6458
46.654
46.6622
46.6704
46.6786
46.6868
46.695
46.7032
46.7114
46.7196
46.7278
46.736
46.7442
46.7524
46.7606
46.7688
46.777
46.7852
46.7934
46.8016
46.8098
46.818
46.8262
46.8344
46.8426
46.8508
46.8591
46.8673
46.8755
46.8837
46.8919
46.9001
46.9083
46.9165
46.9247
46.9329
46.9411
46.9493
46.9575
46.9657
46.9739
46.9821
46.9903
46.9985
47.0067
47.0149
47.0231
47.0313
47.0395
47.0477
47.0559
47.0641
47.0723
47.0805
47.0887
47.097
47.1052
47.1134
47.1216
47.1298
47.138
47.1462
47.1544
47.1626
47.1708
47.179
47.1872
47.1954
47.2036
47.2118
47.22
47.2282
47.2364
47.2446
47.2528
47.261
47.2692
47.2774
47.2856
47.2938
47.302
47.3102
47.3184
47.3266
47.3349
47.3431
47.3513
47.3595
47.3677
47.3759
47.3841
47.3923
47.4005
47.4087
47.4169
47.4251
47.4333
47.4415
47.4497
47.4579
47.4661
47.4743
47.4825
47.4907
47.4989
47.5071
47.5153
47.5235
47.5317
47.5399
47.5481
47.5563
47.5645
47.5727
47.581
47.5892
47.5974
47.6056
47.6138
47.622
47.6302
47.6384
47.6466
47.6548
47.663
47.6712
47.6794
47.6876
47.6958
47.704
47.7122
47.7204
47.7286
47.7368
47.745
47.7532
47.7614
47.7696
47.7778
47.786
47.7942
47.8024
47.8106
47.8189
47.8271
47.8353
47.8435
47.8517
47.8599
47.8681
47.8763
47.8845
47.8927
47.9009
47.9091
47.9173
47.9255
47.9337
47.9419
47.9501
47.9583
47.9665
47.9747
47.9829
47.9911
47.9993
48.0075
48.0157
48.0239
48.0321
48.0403
48.0485
48.0567
48.065
48.0732
48.0814
48.0896
48.0978
48.106
48.1142
48.1224
48.1306
48.1388
48.147
48.1552
48.1634
48.1716
48.1798
48.188
48.1962
48.2044
48.2126
48.2208
48.229
48.2372
48.2454
48.2536
48.2618
48.27
48.2782
48.2864
48.2946
48.3029
48.3111
48.3193
48.3275
48.3357
48.3439
48.3521
48.3603
48.3685
48.3767
48.3849
48.3931
48.4013
48.4095
48.4177
48.4259
48.4341
48.4423
48.4505
48.4587
48.4669
48.4751
48.4833
48.4915
48.4997
48.5079
48.5161
48.5243
48.5325
48.5408
48.549
48.5572
48.5654
48.5736
48.5818
48.59
48.5982
48.6064
48.6146
48.6228
48.631
48.6392
48.6474
48.6556
48.6638
48.672
48.6802
48.6884
48.6966
48.7048
48.713
48.7212
48.7294
48.7376
48.7458
48.754
48.7622
48.7704
48.7786
48.7869
48.7951
48.8033
48.8115
48.8197
48.8279
48.8361
48.8443
48.8525
48.8607
48.8689
48.8771
48.8853
48.8935
48.9017
48.9099
48.9181
48.9263
48.9345
48.9427
48.9509
48.9591
48.9673
48.9755
48.9837
48.9919
49.0001
49.0083
49.0165
49.0248
49.033
49.0412
49.0494
49.0576
49.0658
49.074
49.0822
49.0904
49.0986
49.1068
49.115
49.1232
49.1314
49.1396
49.1478
49.156
49.1642
49.1724
49.1806
49.1888
49.197
49.2052
49.2134
49.2216
49.2298
49.238
49.2462
49.2544
49.2626
49.2709
49.2791
49.2873
49.2955
49.3037
49.3119
49.3201
49.3283
49.3365
49.3447
49.3529
49.3611
49.3693
49.3775
49.3857
49.3939
49.4021
49.4103
49.4185
49.4267
49.4349
49.4431
49.4513
49.4595
49.4677
49.4759
49.4841
49.4923
49.5005
49.5088
49.517
49.5252
49.5334
49.5416
49.5498
49.558
49.5662
49.5744
49.5826
49.5908
49.599
49.6072
49.6154
49.6236
49.6318
49.64
49.6482
49.6564
49.6646
49.6728
49.681
49.6892
49.6974
49.7056
49.7138
49.722
49.7302
49.7384
49.7467
49.7549
49.7631
49.7713
49.7795
49.7877
49.7959
49.8041
49.8123
49.8205
49.8287
49.8369
49.8451
49.8533
49.8615
49.8697
49.8779
49.8861
49.8943
49.9025
49.9107
49.9189
49.9271
49.9353
49.9435
49.9517
49.9599
49.9681
49.9763
49.9845
49.9928
50.001
50.0092
50.0174
50.0256
50.0338
50.042
50.0502
50.0584
50.0666
50.0748
50.083
50.0912
50.0994
50.1076
50.1158
50.124
50.1322
50.1404
50.1486
50.1568
50.165
50.1732
50.1814
50.1896
50.1978
50.206
50.2142
50.2224
50.2307
50.2389
50.2471
50.2553
50.2635
50.2717
50.2799
50.2881
50.2963
50.3045
50.3127
50.3209
50.3291
50.3373
50.3455
50.3537
50.3619
50.3701
50.3783
50.3865
50.3947
50.4029
50.4111
50.4193
50.4275
50.4357
50.4439
50.4521
50.4603
50.4685
50.4768
50.485
50.4932
50.5014
50.5096
50.5178
50.526
50.5342
50.5424
50.5506
50.5588
50.567
50.5752
50.5834
50.5916
50.5998
50.608
50.6162
50.6244
50.6326
50.6408
50.649
50.6572
50.6654
50.6736
50.6818
50.69
50.6982
50.7064
50.7147
50.7229
50.7311
50.7393
50.7475
50.7557
50.7639
50.7721
50.7803
50.7885
50.7967
50.8049
50.8131
50.8213
50.8295
50.8377
50.8459
50.8541
50.8623
50.8705
50.8787
50.8869
50.8951
50.9033
50.9115
50.9197
50.9279
50.9361
50.9443
50.9526
50.9608
50.969
50.9772
50.9854
50.9936
51.0018
51.01
51.0182
51.0264
51.0346
51.0428
51.051
51.0592
51.0674
51.0756
51.0838
51.092
51.1002
51.1084
51.1166
51.1248
51.133
51.1412
51.1494
51.1576
51.1658
51.174
51.1822
51.1904
51.1987
51.2069
51.2151
51.2233
51.2315
51.2397
51.2479
51.2561
51.2643
51.2725
51.2807
51.2889
51.2971
51.3053
51.3135
51.3217
51.3299
51.3381
51.3463
51.3545
51.3627
51.3709
51.3791
51.3873
51.3955
51.4037
51.4119
51.4201
51.4283
51.4366
51.4448
51.453
51.4612
51.4694
51.4776
51.4858
51.494
51.5022
51.5104
51.5186
51.5268
51.535
51.5432
51.5514
51.5596
51.5678
51.576
51.5842
51.5924
51.6006
51.6088
51.617
51.6252
51.6334
51.6416
51.6498
51.658
51.6662
51.6744
51.6827
51.6909
51.6991
51.7073
51.7155
51.7237
51.7319
51.7401
51.7483
51.7565
51.7647
51.7729
51.7811
51.7893
51.7975
51.8057
51.8139
51.8221
51.8303
51.8385
51.8467
51.8549
51.8631
51.8713
51.8795
51.8877
51.8959
51.9041
51.9123
51.9206
51.9288
51.937
51.9452
51.9534
51.9616
51.9698
51.978
51.9862
51.9944
52.0026
52.0108
52.019
52.0272
52.0354
52.0436
52.0518
52.06
52.0682
52.0764
52.0846
52.0928
52.101
52.1092
52.1174
52.1256
52.1338
52.142
52.1502
52.1585
52.1667
52.1749
52.1831
52.1913
52.1995
52.2077
52.2159
52.2241
52.2323
52.2405
52.2487
52.2569
52.2651
52.2733
52.2815
52.2897
52.2979
52.3061
52.3143
52.3225
52.3307
52.3389
52.3471
52.3553
52.3635
52.3717
52.3799
52.3881
52.3963
52.4046
52.4128
52.421
52.4292
52.4374
52.4456
52.4538
52.462
52.4702
52.4784
52.4866
52.4948
52.503
52.5112
52.5194
52.5276
52.5358
52.544
52.5522
52.5604
52.5686
52.5768
52.585
52.5932
52.6014
52.6096
52.6178
52.626
52.6342
52.6425
52.6507
52.6589
52.6671
52.6753
52.6835
52.6917
52.6999
52.7081
52.7163
52.7245
52.7327
52.7409
52.7491
52.7573
52.7655
52.7737
52.7819
52.7901
52.7983
52.8065
52.8147
52.8229
52.8311
52.8393
52.8475
52.8557
52.8639
52.8721
52.8803
52.8886
52.8968
52.905
52.9132
52.9214
52.9296
52.9378
52.946
52.9542
52.9624
52.9706
52.9788
52.987
52.9952
53.0034
53.0116
53.0198
53.028
53.0362
53.0444
53.0526
53.0608
53.069
53.0772
53.0854
53.0936
53.1018
53.11
53.1182
53.1265
53.1347
53.1429
53.1511
53.1593
53.1675
53.1757
53.1839
53.1921
53.2003
53.2085
53.2167
53.2249
53.2331
53.2413
53.2495
53.2577
53.2659
53.2741
53.2823
53.2905
53.2987
53.3069
53.3151
53.3233
53.3315
53.3397
53.3479
53.3561
53.3644
53.3726
53.3808
53.389
53.3972
53.4054
53.4136
53.4218
53.43
53.4382
53.4464
53.4546
53.4628
53.471
53.4792
53.4874
53.4956
53.5038
53.512
53.5202
53.5284
53.5366
53.5448
53.553
53.5612
53.5694
53.5776
53.5858
53.594
53.6022
53.6105
53.6187
53.6269
53.6351
53.6433
53.6515
53.6597
53.6679
53.6761
53.6843
53.6925
53.7007
53.7089
53.7171
53.7253
53.7335
53.7417
53.7499
53.7581
53.7663
53.7745
53.7827
53.7909
53.7991
53.8073
53.8155
53.8237
53.8319
53.8401
53.8484
53.8566
53.8648
53.873
53.8812
53.8894
53.8976
53.9058
53.914
53.9222
53.9304
53.9386
53.9468
53.955
53.9632
53.9714
53.9796
53.9878
53.996
54.0042
54.0124
54.0206
54.0288
54.037
54.0452
54.0534
54.0616
54.0698
54.078
54.0862
54.0945
54.1027
54.1109
54.1191
54.1273
54.1355
54.1437
54.1519
54.1601
54.1683
54.1765
54.1847
54.1929
54.2011
54.2093
54.2175
54.2257
54.2339
54.2421
54.2503
54.2585
54.2667
54.2749
54.2831
54.2913
54.2995
54.3077
54.3159
54.3241
54.3324
54.3406
54.3488
54.357
54.3652
54.3734
54.3816
54.3898
54.398
54.4062
54.4144
54.4226
54.4308
54.439
54.4472
54.4554
54.4636
54.4718
54.48
54.4882
54.4964
54.5046
54.5128
54.521
54.5292
54.5374
54.5456
54.5538
54.562
54.5703
54.5785
54.5867
54.5949
54.6031
54.6113
54.6195
54.6277
54.6359
54.6441
54.6523
54.6605
54.6687
54.6769
54.6851
54.6933
54.7015
54.7097
54.7179
54.7261
54.7343
54.7425
54.7507
54.7589
54.7671
54.7753
54.7835
54.7917
54.7999
54.8081
54.8164
54.8246
54.8328
54.841
54.8492
54.8574
54.8656
54.8738
54.882
54.8902
54.8984
54.9066
54.9148
54.923
54.9312
54.9394
54.9476
54.9558
54.964
54.9722
54.9804
54.9886
54.9968
55.005
55.0132
55.0214
55.0296
55.0378
55.046
55.0543
55.0625
55.0707
55.0789
55.0871
55.0953
55.1035
55.1117
55.1199
55.1281
55.1363
55.1445
55.1527
55.1609
55.1691
55.1773
55.1855
55.1937
55.2019
55.2101
55.2183
55.2265
55.2347
55.2429
55.2511
55.2593
55.2675
55.2757
55.2839
55.2921
55.3004
55.3086
55.3168
55.325
55.3332
55.3414
55.3496
55.3578
55.366
55.3742
55.3824
55.3906
55.3988
55.407
55.4152
55.4234
55.4316
55.4398
55.448
55.4562
55.4644
55.4726
55.4808
55.489
55.4972
55.5054
55.5136
55.5218
55.53
55.5383
55.5465
55.5547
55.5629
55.5711
55.5793
55.5875
55.5957
55.6039
55.6121
55.6203
55.6285
55.6367
55.6449
55.6531
55.6613
55.6695
55.6777
55.6859
55.6941
55.7023
55.7105
55.7187
55.7269
55.7351
55.7433
55.7515
55.7597
55.7679
55.7762
55.7844
55.7926
55.8008
55.809
55.8172
55.8254
55.8336
55.8418
55.85
55.8582
55.8664
55.8746
55.8828
55.891
55.8992
55.9074
55.9156
55.9238
55.932
55.9402
55.9484
55.9566
55.9648
55.973
55.9812
55.9894
55.9976
56.0058
56.014
56.0223
56.0305
56.0387
56.0469
56.0551
56.0633
56.0715
56.0797
56.0879
56.0961
56.1043
56.1125
56.1207
56.1289
56.1371
56.1453
56.1535
56.1617
56.1699
56.1781
56.1863
56.1945
56.2027
56.2109
56.2191
56.2273
56.2355
56.2437
56.2519
56.2602
56.2684
56.2766
56.2848
56.293
56.3012
56.3094
56.3176
56.3258
56.334
56.3422
56.3504
56.3586
56.3668
56.375
56.3832
56.3914
56.3996
56.4078
56.416
56.4242
56.4324
56.4406
56.4488
56.457
56.4652
56.4734
56.4816
56.4898
56.498
56.5063
56.5145
56.5227
56.5309
56.5391
56.5473
56.5555
56.5637
56.5719
56.5801
56.5883
56.5965
56.6047
56.6129
56.6211
56.6293
56.6375
56.6457
56.6539
56.6621
56.6703
56.6785
56.6867
56.6949
56.7031
56.7113
56.7195
56.7277
56.7359
56.7442
56.7524
56.7606
56.7688
56.777
56.7852
56.7934
56.8016
56.8098
56.818
56.8262
56.8344
56.8426
56.8508
56.859
56.8672
56.8754
56.8836
56.8918
56.9
56.9082
56.9164
56.9246
56.9328
56.941
56.9492
56.9574
56.9656
56.9738
56.9821
56.9903
56.9985
57.0067
57.0149
57.0231
57.0313
57.0395
57.0477
57.0559
57.0641
57.0723
57.0805
57.0887
57.0969
57.1051
57.1133
57.1215
57.1297
57.1379
57.1461
57.1543
57.1625
57.1707
57.1789
57.1871
57.1953
57.2035
57.2117
57.2199
57.2282
57.2364
57.2446
57.2528
57.261
57.2692
57.2774
57.2856
57.2938
57.302
57.3102
57.3184
57.3266
57.3348
57.343
57.3512
57.3594
57.3676
57.3758
57.384
57.3922
57.4004
57.4086
57.4168
57.425
57.4332
57.4414
57.4496
57.4578
57.4661
57.4743
57.4825
57.4907
57.4989
57.5071
57.5153
57.5235
57.5317
57.5399
57.5481
57.5563
57.5645
57.5727
57.5809
57.5891
57.5973
57.6055
57.6137
57.6219
57.6301
57.6383
57.6465
57.6547
57.6629
57.6711
57.6793
57.6875
57.6957
57.7039
57.7122
57.7204
57.7286
57.7368
57.745
57.7532
57.7614
57.7696
57.7778
57.786
57.7942
57.8024
57.8106
57.8188
57.827
57.8352
57.8434
57.8516
57.8598
57.868
57.8762
57.8844
57.8926
57.9008
57.909
57.9172
57.9254
57.9336
57.9418
57.9501
57.9583
57.9665
57.9747
57.9829
57.9911
57.9993
58.0075
58.0157
58.0239
58.0321
58.0403
58.0485
58.0567
58.0649
58.0731
58.0813
58.0895
58.0977
58.1059
58.1141
58.1223
58.1305
58.1387
58.1469
58.1551
58.1633
58.1715
58.1797
58.188
58.1962
58.2044
58.2126
58.2208
58.229
58.2372
58.2454
58.2536
58.2618
58.27
58.2782
58.2864
58.2946
58.3028
58.311
58.3192
58.3274
58.3356
58.3438
58.352
58.3602
58.3684
58.3766
58.3848
58.393
58.4012
58.4094
58.4176
58.4258
58.4341
58.4423
58.4505
58.4587
58.4669
58.4751
58.4833
58.4915
58.4997
58.5079
58.5161
58.5243
58.5325
58.5407
58.5489
58.5571
58.5653
58.5735
58.5817
58.5899
58.5981
58.6063
58.6145
58.6227
58.6309
58.6391
58.6473
58.6555
58.6637
58.672
58.6802
58.6884
58.6966
58.7048
58.713
58.7212
58.7294
58.7376
58.7458
58.754
58.7622
58.7704
58.7786
58.7868
58.795
58.8032
58.8114
58.8196
58.8278
58.836
58.8442
58.8524
58.8606
58.8688
58.877
58.8852
58.8934
58.9016
58.9098
58.9181
58.9263
58.9345
58.9427
58.9509
58.9591
58.9673
58.9755
58.9837
58.9919
59.0001
59.0083
59.0165
59.0247
59.0329
59.0411
59.0493
59.0575
59.0657
59.0739
59.0821
59.0903
59.0985
59.1067
59.1149
59.1231
59.1313
59.1395
59.1477
59.156
59.1642
59.1724
59.1806
59.1888
59.197
59.2052
59.2134
59.2216
59.2298
59.238
59.2462
59.2544
59.2626
59.2708
59.279
59.2872
59.2954
59.3036
59.3118
59.32
59.3282
59.3364
59.3446
59.3528
59.361
59.3692
59.3774
59.3856
59.3939
59.4021
59.4103
59.4185
59.4267
59.4349
59.4431
59.4513
59.4595
59.4677
59.4759
59.4841
59.4923
59.5005
59.5087
59.5169
59.5251
59.5333
59.5415
59.5497
59.5579
59.5661
59.5743
59.5825
59.5907
59.5989
59.6071
59.6153
59.6235
59.6317
59.64
59.6482
59.6564
59.6646
59.6728
59.681
59.6892
59.6974
59.7056
59.7138
59.722
59.7302
59.7384
59.7466
59.7548
59.763
59.7712
59.7794
59.7876
59.7958
59.804
59.8122
59.8204
59.8286
59.8368
59.845
59.8532
59.8614
59.8696
59.8779
59.8861
59.8943
59.9025
59.9107
59.9189
59.9271
59.9353
59.9435
59.9517
59.9599
59.9681
59.9763
59.9845
59.9927
60.0009
60.0091
60.0173
60.0255
60.0337
60.0419
60.0501
60.0583
60.0665
60.0747
60.0829
60.0911
60.0993
60.1075
60.1157
60.124
60.1322
60.1404
60.1486
60.1568
60.165
60.1732
60.1814
60.1896
60.1978
60.206
60.2142
60.2224
60.2306
60.2388
60.247
60.2552
60.2634
60.2716
60.2798
60.288
60.2962
60.3044
60.3126
60.3208
60.329
60.3372
60.3454
60.3536
60.3619
60.3701
60.3783
60.3865
60.3947
60.4029
60.4111
60.4193
60.4275
60.4357
60.4439
60.4521
60.4603
60.4685
60.4767
60.4849
60.4931
60.5013
60.5095
60.5177
60.5259
60.5341
60.5423
60.5505
60.5587
60.5669
60.5751
60.5833
60.5915
60.5998
60.608
60.6162
60.6244
60.6326
60.6408
60.649
60.6572
60.6654
60.6736
60.6818
60.69
60.6982
60.7064
60.7146
60.7228
60.731
60.7392
60.7474
60.7556
60.7638
60.772
60.7802
60.7884
60.7966
60.8048
60.813
60.8212
60.8294
60.8376
60.8459
60.8541
60.8623
60.8705
60.8787
60.8869
60.8951
60.9033
60.9115
60.9197
60.9279
60.9361
60.9443
60.9525
60.9607
60.9689
60.9771
60.9853
60.9935
61.0017
61.0099
61.0181
61.0263
61.0345
61.0427
61.0509
61.0591
61.0673
61.0755
61.0838
61.092
61.1002
61.1084
61.1166
61.1248
61.133
61.1412
61.1494
61.1576
61.1658
61.174
61.1822
61.1904
61.1986
61.2068
61.215
61.2232
61.2314
61.2396
61.2478
61.256
61.2642
61.2724
61.2806
61.2888
61.297
61.3052
61.3134
61.3216
61.3299
61.3381
61.3463
61.3545
61.3627
61.3709
61.3791
61.3873
61.3955
61.4037
61.4119
61.4201
61.4283
61.4365
61.4447
61.4529
61.4611
61.4693
61.4775
61.4857
61.4939
61.5021
61.5103
61.5185
61.5267
61.5349
61.5431
61.5513
61.5595
61.5678
61.576
61.5842
61.5924
61.6006
61.6088
61.617
61.6252
61.6334
61.6416
61.6498
61.658
61.6662
61.6744
61.6826
61.6908
61.699
61.7072
61.7154
61.7236
61.7318
61.74
61.7482
61.7564
61.7646
61.7728
61.781
61.7892
61.7974
61.8057
61.8139
61.8221
61.8303
61.8385
61.8467
61.8549
61.8631
61.8713
61.8795
61.8877
61.8959
61.9041
61.9123
61.9205
61.9287
61.9369
61.9451
61.9533
61.9615
61.9697
61.9779
61.9861
61.9943
62.0025
62.0107
62.0189
62.0271
62.0353
62.0435
62.0518
62.06
62.0682
62.0764
62.0846
62.0928
62.101
62.1092
62.1174
62.1256
62.1338
62.142
62.1502
62.1584
62.1666
62.1748
62.183
62.1912
62.1994
62.2076
62.2158
62.224
62.2322
62.2404
62.2486
62.2568
62.265
62.2732
62.2814
62.2897
62.2979
62.3061
62.3143
62.3225
62.3307
62.3389
62.3471
62.3553
62.3635
62.3717
62.3799
62.3881
62.3963
62.4045
62.4127
62.4209
62.4291
62.4373
62.4455
62.4537
62.4619
62.4701
62.4783
62.4865
62.4947
62.5029
62.5111
62.5193
62.5275
62.5358
62.544
62.5522
62.5604
62.5686
62.5768
62.585
62.5932
62.6014
62.6096
62.6178
62.626
62.6342
62.6424
62.6506
62.6588
62.667
62.6752
62.6834
62.6916
62.6998
62.708
62.7162
62.7244
62.7326
62.7408
62.749
62.7572
62.7654
62.7737
62.7819
62.7901
62.7983
62.8065
62.8147
62.8229
62.8311
62.8393
62.8475
62.8557
62.8639
62.8721
62.8803
62.8885
62.8967
62.9049
62.9131
62.9213
62.9295
62.9377
62.9459
62.9541
62.9623
62.9705
62.9787
62.9869
62.9951
63.0033
63.0116
63.0198
63.028
63.0362
63.0444
63.0526
63.0608
63.069
63.0772
63.0854
63.0936
63.1018
63.11
63.1182
63.1264
63.1346
63.1428
63.151
63.1592
63.1674
63.1756
63.1838
63.192
63.2002
63.2084
63.2166
63.2248
63.233
63.2412
63.2494
63.2577
63.2659
63.2741
63.2823
63.2905
63.2987
63.3069
63.3151
63.3233
63.3315
63.3397
63.3479
63.3561
63.3643
63.3725
63.3807
63.3889
63.3971
63.4053
63.4135
63.4217
63.4299
63.4381
63.4463
63.4545
63.4627
63.4709
63.4791
63.4873
63.4956
63.5038
63.512
63.5202
63.5284
63.5366
63.5448
63.553
63.5612
63.5694
63.5776
63.5858
63.594
63.6022
63.6104
63.6186
63.6268
63.635
63.6432
63.6514
63.6596
63.6678
63.676
63.6842
63.6924
63.7006
63.7088
63.717
63.7252
63.7334
63.7417
63.7499
63.7581
63.7663
63.7745
63.7827
63.7909
63.7991
63.8073
63.8155
63.8237
63.8319
63.8401
63.8483
63.8565
63.8647
63.8729
63.8811
63.8893
63.8975
63.9057
63.9139
63.9221
63.9303
63.9385
63.9467
63.9549
63.9631
63.9713
63.9796
63.9878
63.996
64.0042
64.0124
64.0206
64.0288
64.037
64.0452
64.0534
64.0616
64.0698
64.078
64.0862
64.0944
64.1026
64.1108
64.119
64.1272
64.1354
64.1436
64.1518
64.16
64.1682
64.1764
64.1846
64.1928
64.201
64.2092
64.2175
64.2257
64.2339
64.2421
64.2503
64.2585
64.2667
64.2749
64.2831
64.2913
64.2995
64.3077
64.3159
64.3241
64.3323
64.3405
64.3487
64.3569
64.3651
64.3733
64.3815
64.3897
64.3979
64.4061
64.4143
64.4225
64.4307
64.4389
64.4471
64.4553
64.4636
64.4718
64.48
64.4882
64.4964
64.5046
64.5128
64.521
64.5292
64.5374
64.5456
64.5538
64.562
64.5702
64.5784
64.5866
64.5948
64.603
64.6112
64.6194
64.6276
64.6358
64.644
64.6522
64.6604
64.6686
64.6768
64.685
64.6932
64.7015
64.7097
64.7179
64.7261
64.7343
64.7425
64.7507
64.7589
64.7671
64.7753
64.7835
64.7917
64.7999
64.8081
64.8163
64.8245
64.8327
64.8409
64.8491
64.8573
64.8655
64.8737
64.8819
64.8901
64.8983
64.9065
64.9147
64.9229
64.9311
64.9393
64.9476
64.9558
64.964
64.9722
64.9804
64.9886
64.9968
65.005
65.0132
65.0214
65.0296
65.0378
65.046
65.0542
65.0624
65.0706
65.0788
65.087
65.0952
65.1034
65.1116
65.1198
65.128
65.1362
65.1444
65.1526
65.1608
65.169
65.1772
65.1855
65.1937
65.2019
65.2101
65.2183
65.2265
65.2347
65.2429
65.2511
65.2593
65.2675
65.2757
65.2839
65.2921
65.3003
65.3085
65.3167
65.3249
65.3331
65.3413
65.3495
65.3577
65.3659
65.3741
65.3823
65.3905
65.3987
65.4069
65.4151
65.4234
65.4316
65.4398
65.448
65.4562
65.4644
65.4726
65.4808
65.489
65.4972
65.5054
65.5136
65.5218
65.53
65.5382
65.5464
65.5546
65.5628
65.571
65.5792
65.5874
65.5956
65.6038
65.612
65.6202
65.6284
65.6366
65.6448
65.653
65.6612
65.6695
65.6777
65.6859
65.6941
65.7023
65.7105
65.7187
65.7269
65.7351
65.7433
65.7515
65.7597
65.7679
65.7761
65.7843
65.7925
65.8007
65.8089
65.8171
65.8253
65.8335
65.8417
65.8499
65.8581
65.8663
65.8745
65.8827
65.8909
65.8991
65.9074
65.9156
65.9238
65.932
65.9402
65.9484
65.9566
65.9648
65.973
65.9812
65.9894
65.9976
66.0058
66.014
66.0222
66.0304
66.0386
66.0468
66.055
66.0632
66.0714
66.0796
66.0878
66.096
66.1042
66.1124
66.1206
66.1288
66.137
66.1452
66.1535
66.1617
66.1699
66.1781
66.1863
66.1945
66.2027
66.2109
66.2191
66.2273
66.2355
66.2437
66.2519
66.2601
66.2683
66.2765
66.2847
66.2929
66.3011
66.3093
66.3175
66.3257
66.3339
66.3421
66.3503
66.3585
66.3667
66.3749
66.3831
66.3914
66.3996
66.4078
66.416
66.4242
66.4324
66.4406
66.4488
66.457
66.4652
66.4734
66.4816
66.4898
66.498
66.5062
66.5144
66.5226
66.5308
66.539
66.5472
66.5554
66.5636
66.5718
66.58
66.5882
66.5964
66.6046
66.6128
66.621
66.6293
66.6375
66.6457
66.6539
66.6621
66.6703
66.6785
66.6867
66.6949
66.7031
66.7113
66.7195
66.7277
66.7359
66.7441
66.7523
66.7605
66.7687
66.7769
66.7851
66.7933
66.8015
66.8097
66.8179
66.8261
66.8343
66.8425
66.8507
66.8589
66.8671
66.8754
66.8836
66.8918
66.9
66.9082
66.9164
66.9246
66.9328
66.941
66.9492
66.9574
66.9656
66.9738
66.982
66.9902
66.9984
67.0066
67.0148
67.023
67.0312
67.0394
67.0476
67.0558
67.064
67.0722
67.0804
67.0886
67.0968
67.105
67.1133
67.1215
67.1297
67.1379
67.1461
67.1543
67.1625
67.1707
67.1789
67.1871
67.1953
67.2035
67.2117
67.2199
67.2281
67.2363
67.2445
67.2527
67.2609
67.2691
67.2773
67.2855
67.2937
67.3019
67.3101
67.3183
67.3265
67.3347
67.3429
67.3511
67.3594
67.3676
67.3758
67.384
67.3922
67.4004
67.4086
67.4168
67.425
67.4332
67.4414
67.4496
67.4578
67.466
67.4742
67.4824
67.4906
67.4988
67.507
67.5152
67.5234
67.5316
67.5398
67.548
67.5562
67.5644
67.5726
67.5808
67.589
67.5973
67.6055
67.6137
67.6219
67.6301
67.6383
67.6465
67.6547
67.6629
67.6711
67.6793
67.6875
67.6957
67.7039
67.7121
67.7203
67.7285
67.7367
67.7449
67.7531
67.7613
67.7695
67.7777
67.7859
67.7941
67.8023
67.8105
67.8187
67.8269
67.8352
67.8434
67.8516
67.8598
67.868
67.8762
67.8844
67.8926
67.9008
67.909
67.9172
67.9254
67.9336
67.9418
67.95
67.9582
67.9664
67.9746
67.9828
67.991
67.9992
68.0074
68.0156
68.0238
68.032
68.0402
68.0484
68.0566
68.0648
68.073
68.0813
68.0895
68.0977
68.1059
68.1141
68.1223
68.1305
68.1387
68.1469
68.1551
68.1633
68.1715
68.1797
68.1879
68.1961
68.2043
68.2125
68.2207
68.2289
68.2371
68.2453
68.2535
68.2617
68.2699
68.2781
68.2863
68.2945
68.3027
68.3109
68.3192
68.3274
68.3356
68.3438
68.352
68.3602
68.3684
68.3766
68.3848
68.393
68.4012
68.4094
68.4176
68.4258
68.434
68.4422
68.4504
68.4586
68.4668
68.475
68.4832
68.4914
68.4996
68.5078
68.516
68.5242
68.5324
68.5406
68.5488
68.557
68.5653
68.5735
68.5817
68.5899
68.5981
68.6063
68.6145
68.6227
68.6309
68.6391
68.6473
68.6555
68.6637
68.6719
68.6801
68.6883
68.6965
68.7047
68.7129
68.7211
68.7293
68.7375
68.7457
68.7539
68.7621
68.7703
68.7785
68.7867
68.7949
68.8032
68.8114
68.8196
68.8278
68.836
68.8442
68.8524
68.8606
68.8688
68.877
68.8852
68.8934
68.9016
68.9098
68.918
68.9262
68.9344
68.9426
68.9508
68.959
68.9672
68.9754
68.9836
68.9918
69
69.0082
69.0164
69.0246
69.0328
69.0411
69.0493
69.0575
69.0657
69.0739
69.0821
69.0903
69.0985
69.1067
69.1149
69.1231
69.1313
69.1395
69.1477
69.1559
69.1641
69.1723
69.1805
69.1887
69.1969
69.2051
69.2133
69.2215
69.2297
69.2379
69.2461
69.2543
69.2625
69.2707
69.2789
69.2872
69.2954
69.3036
69.3118
69.32
69.3282
69.3364
69.3446
69.3528
69.361
69.3692
69.3774
69.3856
69.3938
69.402
69.4102
69.4184
69.4266
69.4348
69.443
69.4512
69.4594
69.4676
69.4758
69.484
69.4922
69.5004
69.5086
69.5168
69.5251
69.5333
69.5415
69.5497
69.5579
69.5661
69.5743
69.5825
69.5907
69.5989
69.6071
69.6153
69.6235
69.6317
69.6399
69.6481
69.6563
69.6645
69.6727
69.6809
69.6891
69.6973
69.7055
69.7137
69.7219
69.7301
69.7383
69.7465
69.7547
69.7629
69.7712
69.7794
69.7876
69.7958
69.804
69.8122
69.8204
69.8286
69.8368
69.845
69.8532
69.8614
69.8696
69.8778
69.886
69.8942
69.9024
69.9106
69.9188
69.927
69.9352
69.9434
69.9516
69.9598
69.968
69.9762
69.9844
69.9926
70.0008
70.0091
70.0173
70.0255
70.0337
70.0419
70.0501
70.0583
70.0665
70.0747
70.0829
70.0911
70.0993
70.1075
70.1157
70.1239
70.1321
70.1403
70.1485
70.1567
70.1649
70.1731
70.1813
70.1895
70.1977
70.2059
70.2141
70.2223
70.2305
70.2387
70.247
70.2552
70.2634
70.2716
70.2798
70.288
70.2962
70.3044
70.3126
70.3208
70.329
70.3372
70.3454
70.3536
70.3618
70.37
70.3782
70.3864
70.3946
70.4028
70.411
70.4192
70.4274
70.4356
70.4438
70.452
70.4602
70.4684
70.4766
70.4848
70.4931
70.5013
70.5095
70.5177
70.5259
70.5341
70.5423
70.5505
70.5587
70.5669
70.5751
70.5833
70.5915
70.5997
70.6079
70.6161
70.6243
70.6325
70.6407
70.6489
70.6571
70.6653
70.6735
70.6817
70.6899
70.6981
70.7063
70.7145
70.7227
70.731
70.7392
70.7474
70.7556
70.7638
70.772
70.7802
70.7884
70.7966
70.8048
70.813
70.8212
70.8294
70.8376
70.8458
70.854
70.8622
70.8704
70.8786
70.8868
70.895
70.9032
70.9114
70.9196
70.9278
70.936
70.9442
70.9524
70.9606
70.9688
70.9771
70.9853
70.9935
71.0017
71.0099
71.0181
71.0263
71.0345
71.0427
71.0509
71.0591
71.0673
71.0755
71.0837
71.0919
71.1001
71.1083
71.1165
71.1247
71.1329
71.1411
71.1493
71.1575
71.1657
71.1739
71.1821
71.1903
71.1985
71.2067
71.215
71.2232
71.2314
71.2396
71.2478
71.256
71.2642
71.2724
71.2806
71.2888
71.297
71.3052
71.3134
71.3216
71.3298
71.338
71.3462
71.3544
71.3626
71.3708
71.379
71.3872
71.3954
71.4036
71.4118
71.42
71.4282
71.4364
71.4446
71.4529
71.4611
71.4693
71.4775
71.4857
71.4939
71.5021
71.5103
71.5185
71.5267
71.5349
71.5431
71.5513
71.5595
71.5677
71.5759
71.5841
71.5923
71.6005
71.6087
71.6169
71.6251
71.6333
71.6415
71.6497
71.6579
71.6661
71.6743
71.6825
71.6907
71.699
71.7072
71.7154
71.7236
71.7318
71.74
71.7482
71.7564
71.7646
71.7728
71.781
71.7892
71.7974
71.8056
71.8138
71.822
71.8302
71.8384
71.8466
71.8548
71.863
71.8712
71.8794
71.8876
71.8958
71.904
71.9122
71.9204
71.9286
71.9369
71.9451
71.9533
71.9615
71.9697
71.9779
71.9861
71.9943
72.0025
72.0107
72.0189
72.0271
72.0353
72.0435
72.0517
72.0599
72.0681
72.0763
72.0845
72.0927
72.1009
72.1091
72.1173
72.1255
72.1337
72.1419
72.1501
72.1583
72.1665
72.1747
72.183
72.1912
72.1994
72.2076
72.2158
72.224
72.2322
72.2404
72.2486
72.2568
72.265
72.2732
72.2814
72.2896
72.2978
72.306
72.3142
72.3224
72.3306
72.3388
72.347
72.3552
72.3634
72.3716
72.3798
72.388
72.3962
72.4044
72.4126
72.4209
72.4291
72.4373
72.4455
72.4537
72.4619
72.4701
72.4783
72.4865
72.4947
72.5029
72.5111
72.5193
72.5275
72.5357
72.5439
72.5521
72.5603
72.5685
72.5767
72.5849
72.5931
72.6013
72.6095
72.6177
72.6259
72.6341
72.6423
72.6505
72.6588
72.667
72.6752
72.6834
72.6916
72.6998
72.708
72.7162
72.7244
72.7326
72.7408
72.749
72.7572
72.7654
72.7736
72.7818
72.79
72.7982
72.8064
72.8146
72.8228
72.831
72.8392
72.8474
72.8556
72.8638
72.872
72.8802
72.8884
72.8966
72.9049
72.9131
72.9213
72.9295
72.9377
72.9459
72.9541
72.9623
72.9705
72.9787
72.9869
72.9951
73.0033
73.0115
73.0197
73.0279
73.0361
73.0443
73.0525
73.0607
73.0689
73.0771
73.0853
73.0935
73.1017
73.1099
73.1181
73.1263
73.1345
73.1428
73.151
73.1592
73.1674
73.1756
73.1838
73.192
73.2002
73.2084
73.2166
73.2248
73.233
73.2412
73.2494
73.2576
73.2658
73.274
73.2822
73.2904
73.2986
73.3068
73.315
73.3232
73.3314
73.3396
73.3478
73.356
73.3642
73.3724
73.3806
73.3889
73.3971
73.4053
73.4135
73.4217
73.4299
73.4381
73.4463
73.4545
73.4627
73.4709
73.4791
73.4873
73.4955
73.5037
73.5119
73.5201
73.5283
73.5365
73.5447
73.5529
73.5611
73.5693
73.5775
73.5857
73.5939
73.6021
73.6103
73.6185
73.6268
73.635
73.6432
73.6514
73.6596
73.6678
73.676
73.6842
73.6924
73.7006
73.7088
73.717
73.7252
73.7334
73.7416
73.7498
73.758
73.7662
73.7744
73.7826
73.7908
73.799
73.8072
73.8154
73.8236
73.8318
73.84
73.8482
73.8564
73.8647
73.8729
73.8811
73.8893
73.8975
73.9057
73.9139
73.9221
73.9303
73.9385
73.9467
73.9549
73.9631
73.9713
73.9795
73.9877
73.9959
74.0041
74.0123
74.0205
74.0287
74.0369
74.0451
74.0533
74.0615
74.0697
74.0779
74.0861
74.0943
74.1025
74.1108
74.119
74.1272
74.1354
74.1436
74.1518
74.16
74.1682
74.1764
74.1846
74.1928
74.201
74.2092
74.2174
74.2256
74.2338
74.242
74.2502
74.2584
74.2666
74.2748
74.283
74.2912
74.2994
74.3076
74.3158
74.324
74.3322
74.3404
74.3487
74.3569
74.3651
74.3733
74.3815
74.3897
74.3979
74.4061
74.4143
74.4225
74.4307
74.4389
74.4471
74.4553
74.4635
74.4717
74.4799
74.4881
74.4963
74.5045
74.5127
74.5209
74.5291
74.5373
74.5455
74.5537
74.5619
74.5701
74.5783
74.5865
74.5948
74.603
74.6112
74.6194
74.6276
74.6358
74.644
74.6522
74.6604
74.6686
74.6768
74.685
74.6932
74.7014
74.7096
74.7178
74.726
74.7342
74.7424
74.7506
74.7588
74.767
74.7752
74.7834
74.7916
74.7998
74.808
74.8162
74.8244
74.8327
74.8409
74.8491
74.8573
74.8655
74.8737
74.8819
74.8901
74.8983
74.9065
74.9147
74.9229
74.9311
74.9393
74.9475
74.9557
74.9639
74.9721
74.9803
74.9885
74.9967
75.0049
75.0131
75.0213
75.0295
75.0377
75.0459
75.0541
75.0623
75.0706
75.0788
75.087
75.0952
75.1034
75.1116
75.1198
75.128
75.1362
75.1444
75.1526
75.1608
75.169
75.1772
75.1854
75.1936
75.2018
75.21
75.2182
75.2264
75.2346
75.2428
75.251
75.2592
75.2674
75.2756
75.2838
75.292
75.3002
75.3084
75.3167
75.3249
75.3331
75.3413
75.3495
75.3577
75.3659
75.3741
75.3823
75.3905
75.3987
75.4069
75.4151
75.4233
75.4315
75.4397
75.4479
75.4561
75.4643
75.4725
75.4807
75.4889
75.4971
75.5053
75.5135
75.5217
75.5299
75.5381
75.5463
75.5546
75.5628
75.571
75.5792
75.5874
75.5956
75.6038
75.612
75.6202
75.6284
75.6366
75.6448
75.653
75.6612
75.6694
75.6776
75.6858
75.694
75.7022
75.7104
75.7186
75.7268
75.735
75.7432
75.7514
75.7596
75.7678
75.776
75.7842
75.7924
75.8007
75.8089
75.8171
75.8253
75.8335
75.8417
75.8499
75.8581
75.8663
75.8745
75.8827
75.8909
75.8991
75.9073
75.9155
75.9237
75.9319
75.9401
75.9483
75.9565
75.9647
75.9729
75.9811
75.9893
75.9975
76.0057
76.0139
76.0221
76.0303
76.0386
76.0468
76.055
76.0632
76.0714
76.0796
76.0878
76.096
76.1042
76.1124
76.1206
76.1288
76.137
76.1452
76.1534
76.1616
76.1698
76.178
76.1862
76.1944
76.2026
76.2108
76.219
76.2272
76.2354
76.2436
76.2518
76.26
76.2682
76.2765
76.2847
76.2929
76.3011
76.3093
76.3175
76.3257
76.3339
76.3421
76.3503
76.3585
76.3667
76.3749
76.3831
76.3913
76.3995
76.4077
76.4159
76.4241
76.4323
76.4405
76.4487
76.4569
76.4651
76.4733
76.4815
76.4897
76.4979
76.5061
76.5143
76.5226
76.5308
76.539
76.5472
76.5554
76.5636
76.5718
76.58
76.5882
76.5964
76.6046
76.6128
76.621
76.6292
76.6374
76.6456
76.6538
76.662
76.6702
76.6784
76.6866
76.6948
76.703
76.7112
76.7194
76.7276
76.7358
76.744
76.7522
76.7605
76.7687
76.7769
76.7851
76.7933
76.8015
76.8097
76.8179
76.8261
76.8343
76.8425
76.8507
76.8589
76.8671
76.8753
76.8835
76.8917
76.8999
76.9081
76.9163
76.9245
76.9327
76.9409
76.9491
76.9573
76.9655
76.9737
76.9819
76.9901
76.9983
77.0066
77.0148
77.023
77.0312
77.0394
77.0476
77.0558
77.064
77.0722
77.0804
77.0886
77.0968
77.105
77.1132
77.1214
77.1296
77.1378
77.146
77.1542
77.1624
77.1706
77.1788
77.187
77.1952
77.2034
77.2116
77.2198
77.228
77.2362
77.2445
77.2527
77.2609
77.2691
77.2773
77.2855
77.2937
77.3019
77.3101
77.3183
77.3265
77.3347
77.3429
77.3511
77.3593
77.3675
77.3757
77.3839
77.3921
77.4003
77.4085
77.4167
77.4249
77.4331
77.4413
77.4495
77.4577
77.4659
77.4741
77.4824
77.4906
77.4988
77.507
77.5152
77.5234
77.5316
77.5398
77.548
77.5562
77.5644
77.5726
77.5808
77.589
77.5972
77.6054
77.6136
77.6218
77.63
77.6382
77.6464
77.6546
77.6628
77.671
77.6792
77.6874
77.6956
77.7038
77.712
77.7202
77.7285
77.7367
77.7449
77.7531
77.7613
77.7695
77.7777
77.7859
77.7941
77.8023
77.8105
77.8187
77.8269
77.8351
77.8433
77.8515
77.8597
77.8679
77.8761
77.8843
77.8925
77.9007
77.9089
77.9171
77.9253
77.9335
77.9417
77.9499
77.9581
77.9664
77.9746
77.9828
77.991
77.9992
78.0074
78.0156
78.0238
78.032
78.0402
78.0484
78.0566
78.0648
78.073
78.0812
78.0894
78.0976
78.1058
78.114
78.1222
78.1304
78.1386
78.1468
78.155
78.1632
78.1714
78.1796
78.1878
78.196
78.2042
78.2125
78.2207
78.2289
78.2371
78.2453
78.2535
78.2617
78.2699
78.2781
78.2863
78.2945
78.3027
78.3109
78.3191
78.3273
78.3355
78.3437
78.3519
78.3601
78.3683
78.3765
78.3847
78.3929
78.4011
78.4093
78.4175
78.4257
78.4339
78.4421
78.4504
78.4586
78.4668
78.475
78.4832
78.4914
78.4996
78.5078
78.516
78.5242
78.5324
78.5406
78.5488
78.557
78.5652
78.5734
78.5816
78.5898
78.598
78.6062
78.6144
78.6226
78.6308
78.639
78.6472
78.6554
78.6636
78.6718
78.68
78.6883
78.6965
78.7047
78.7129
78.7211
78.7293
78.7375
78.7457
78.7539
78.7621
78.7703
78.7785
78.7867
78.7949
78.8031
78.8113
78.8195
78.8277
78.8359
78.8441
78.8523
78.8605
78.8687
78.8769
78.8851
78.8933
78.9015
78.9097
78.9179
78.9261
78.9344
78.9426
78.9508
78.959
78.9672
78.9754
78.9836
78.9918
79
79.0082
79.0164
79.0246
79.0328
79.041
79.0492
79.0574
79.0656
79.0738
79.082
79.0902
79.0984
79.1066
79.1148
79.123
79.1312
79.1394
79.1476
79.1558
79.164
79.1723
79.1805
79.1887
79.1969
79.2051
79.2133
79.2215
79.2297
79.2379
79.2461
79.2543
79.2625
79.2707
79.2789
79.2871
79.2953
79.3035
79.3117
79.3199
79.3281
79.3363
79.3445
79.3527
79.3609
79.3691
79.3773
79.3855
79.3937
79.4019
79.4101
79.4184
79.4266
79.4348
79.443
79.4512
79.4594
79.4676
79.4758
79.484
79.4922
79.5004
79.5086
79.5168
79.525
79.5332
79.5414
79.5496
79.5578
79.566
79.5742
79.5824
79.5906
79.5988
79.607
79.6152
79.6234
79.6316
79.6398
79.648
79.6563
79.6645
79.6727
79.6809
79.6891
79.6973
79.7055
79.7137
79.7219
79.7301
79.7383
79.7465
79.7547
79.7629
79.7711
79.7793
79.7875
79.7957
79.8039
79.8121
79.8203
79.8285
79.8367
79.8449
79.8531
79.8613
79.8695
79.8777
79.8859
79.8942
79.9024
79.9106
79.9188
79.927
79.9352
79.9434
79.9516
79.9598
79.968
79.9762
79.9844
79.9926
80.0008
80.009
80.0172
80.0254
80.0336
80.0418
80.05
80.0582
80.0664
80.0746
80.0828
80.091
80.0992
80.1074
80.1156
80.1238
80.132
80.1403
80.1485
80.1567
80.1649
80.1731
80.1813
80.1895
80.1977
80.2059
80.2141
80.2223
80.2305
80.2387
80.2469
80.2551
80.2633
80.2715
80.2797
80.2879
80.2961
80.3043
80.3125
80.3207
80.3289
80.3371
80.3453
80.3535
80.3617
80.3699
80.3782
80.3864
80.3946
80.4028
80.411
80.4192
80.4274
80.4356
80.4438
80.452
80.4602
80.4684
80.4766
80.4848
80.493
80.5012
80.5094
80.5176
80.5258
80.534
80.5422
80.5504
80.5586
80.5668
80.575
80.5832
80.5914
80.5996
80.6078
80.616
80.6243
80.6325
80.6407
80.6489
80.6571
80.6653
80.6735
80.6817
80.6899
80.6981
80.7063
80.7145
80.7227
80.7309
80.7391
80.7473
80.7555
80.7637
80.7719
80.7801
80.7883
80.7965
80.8047
80.8129
80.8211
80.8293
80.8375
80.8457
80.8539
80.8622
80.8704
80.8786
80.8868
80.895
80.9032
80.9114
80.9196
80.9278
80.936
80.9442
80.9524
80.9606
80.9688
80.977
80.9852
80.9934
81.0016
81.0098
81.018
81.0262
81.0344
81.0426
81.0508
81.059
81.0672
81.0754
81.0836
81.0918
81.1001
81.1083
81.1165
81.1247
81.1329
81.1411
81.1493
81.1575
81.1657
81.1739
81.1821
81.1903
81.1985
81.2067
81.2149
81.2231
81.2313
81.2395
81.2477
81.2559
81.2641
81.2723
81.2805
81.2887
81.2969
81.3051
81.3133
81.3215
81.3297
81.3379
81.3462
81.3544
81.3626
81.3708
81.379
81.3872
81.3954
81.4036
81.4118
81.42
81.4282
81.4364
81.4446
81.4528
81.461
81.4692
81.4774
81.4856
81.4938
81.502
81.5102
81.5184
81.5266
81.5348
81.543
81.5512
81.5594
81.5676
81.5758
81.5841
81.5923
81.6005
81.6087
