2473.83 1215.44 0 
1891.39 1087.58 4.02472e-07 
1511.2 980.061 5.948e-06 
1253.8 889.23 1.64629e-05 
1072.41 812.106 3.1707e-05 
939.4 746.267 5.15274e-05 
838.252 689.739 7.56922e-05 
758.858 640.917 0.000103923 
694.854 598.497 0.000135926 
642.097 561.414 0.000171415 
597.798 528.802 0.000210117 
560.021 499.951 0.000251779 
527.383 474.283 0.000296169 
498.868 451.32 0.00034308 
473.716 430.67 0.000392321 
451.343 412.008 0.000443721 
431.298 395.065 0.000497129 
413.222 379.614 0.000552406 
396.827 365.467 0.000609428 
381.88 352.464 0.000668085 
368.191 340.471 0.000728275 
355.601 329.372 0.000789909 
343.977 319.068 0.000852903 
333.209 309.476 0.000917184 
323.2 300.522 0.000982683 
313.871 292.143 0.00104934 
305.152 284.284 0.0011171 
296.981 276.895 0.0011859 
289.308 269.935 0.00125571 
282.086 263.367 0.00132648 
275.274 257.156 0.00139817 
268.838 251.273 0.00147074 
262.745 245.692 0.00154416 
256.969 240.39 0.00161839 
251.483 235.345 0.00169341 
246.266 230.539 0.00176919 
241.297 225.953 0.00184571 
236.559 221.574 0.00192293 
232.034 217.385 0.00200085 
227.709 213.376 0.00207943 
