243158 313301 0 
196475 253153 2.49812e-11 
163043 210076 5.42559e-11 
138622 178609 1.00245e-10 
120380 155106 1.60223e-10 
106430 137132 2.31021e-10 
95511.4 123063 3.10521e-10 
86773.2 111804 3.97252e-10 
79637.5 102610 4.90124e-10 
73704.7 94965.8 5.8829e-10 
68693.2 88508.7 6.91074e-10 
64401.5 82979 7.97924e-10 
60682 78186.4 9.08381e-10 
57424.5 73989.3 1.02206e-09 
54545.8 70280 1.13864e-09 
51981.2 66975.7 1.25784e-09 
49680.5 64011.3 1.37942e-09 
47603.5 61335.1 1.50317e-09 
45717.9 58905.6 1.62892e-09 
43997.5 56688.9 1.7565e-09 
42420.6 54657.1 1.88578e-09 
40969.4 52787.3 2.01663e-09 
39628.9 51060 2.14893e-09 
38386.2 49458.9 2.2826e-09 
37230.8 47970.1 2.41755e-09 
36153.2 46581.7 2.55368e-09 
35145.7 45283.5 2.69094e-09 
34201.3 44066.7 2.82925e-09 
33314 42923.4 2.96855e-09 
32478.6 41847 3.1088e-09 
31690.4 40831.5 3.24994e-09 
30945.5 39871.6 3.39193e-09 
30240.1 38962.8 3.53472e-09 
29571.1 38100.9 3.67827e-09 
28935.7 37282.2 3.82255e-09 
28331.2 36503.3 3.96753e-09 
27755.4 35761.4 4.11318e-09 
27206.1 35053.8 4.25945e-09 
26681.6 34378 4.40634e-09 
26180 33731.9 4.55381e-09 
25699.9 33113.4 4.70183e-09 
25239.9 32520.8 4.85039e-09 
24798.6 31952.5 4.99947e-09 
24374.9 31406.8 5.14904e-09 
23967.7 30882.5 5.29908e-09 
23576 30378.2 5.44957e-09 
23198.9 29892.8 5.60051e-09 
22835.6 29425.3 5.75186e-09 
22485.4 28974.6 5.90361e-09 
22147.4 28539.8 6.05575e-09 
21821 28120.1 6.20825e-09 
21505.6 27714.7 6.36111e-09 
21200.6 27322.9 6.51431e-09 
20905.6 26944 6.66783e-09 
20620 26577.4 6.82165e-09 
20343.3 26222.4 6.97576e-09 
20075.1 25878.6 7.13015e-09 
19815 25545.5 7.2848e-09 
19562.6 25222.5 7.43969e-09 
19317.6 24909.3 7.5948e-09 
19079.7 24605.3 7.75013e-09 
18848.5 24310.3 7.90566e-09 
18623.7 24023.8 8.06136e-09 
18405.1 23745.6 8.21723e-09 
18192.3 23475.2 8.37324e-09 
17985.3 23212.3 8.52939e-09 
17783.6 22956.8 8.68564e-09 
17587.1 22708.3 8.84199e-09 
17395.7 22466.5 8.99842e-09 
17209 22231.2 9.15491e-09 
17026.9 22002.2 9.31145e-09 
16849.3 21779.3 9.468e-09 
16675.9 21562.2 9.62457e-09 
16506.6 21350.8 9.78112e-09 
16341.3 21144.8 9.93763e-09 
16179.8 20944.1 1.00941e-08 
16021.9 20748.6 1.02505e-08 
15867.7 20557.9 1.04068e-08 
15716.8 20372.1 1.0563e-08 
15569.2 20190.9 1.07191e-08 
15424.9 20014.2 1.0875e-08 
15283.6 19841.9 1.10308e-08 
15145.3 19673.7 1.11864e-08 
15009.9 19509.7 1.13417e-08 
14877.3 19349.7 1.14969e-08 
14747.4 19193.5 1.16518e-08 
14620.1 19041.1 1.18064e-08 
14495.3 18892.3 1.19608e-08 
14373 18747 1.21148e-08 
14253 18605.2 1.22686e-08 
14135.4 18466.7 1.2422e-08 
14020 18331.5 1.2575e-08 
13906.8 18199.3 1.27276e-08 
13795.7 18070.3 1.28799e-08 
13686.7 17944.2 1.30317e-08 
13579.6 17821 1.31831e-08 
13474.5 17700.7 1.3334e-08 
13371.3 17583 1.34845e-08 
13269.8 17468 1.36344e-08 
13170.2 17355.6 1.37839e-08 
