0.000000000000000000e+00 0.000000000000000000e+00 0.000000000000000000e+00
1.861618622572045822e+01 4.936439142579324107e+04 1.853258862783691539e-04
1.733160159859456684e+01 4.111600001086659904e+04 1.764935137706453365e-04
1.646704501837455936e+01 3.554436444099529035e+04 2.032658203852871553e-04
1.583575536008263285e+01 3.158033643098435277e+04 2.396474331756291330e-04
1.534429582550123428e+01 2.862780886481835114e+04 2.777962545355379593e-04
1.494326975691566695e+01 2.634278281640573186e+04 3.156687245473887887e-04
1.460480372285324613e+01 2.451815663715929259e+04 3.526857437022270689e-04
1.431209023064570296e+01 2.302363290043153756e+04 3.886657036726117224e-04
1.405434713580224226e+01 2.177374945379123164e+04 4.235577434545351010e-04
1.382426978166621367e+01 2.071031707766906766e+04 4.573648748676959006e-04
1.361667500516585960e+01 1.979239944726452086e+04 4.901162005068057876e-04
1.342774110045738922e+01 1.899037016038758520e+04 5.218541302220404887e-04
1.325456010335056689e+01 1.828225519894113677e+04 5.526274251009511643e-04
1.309486157104650417e+01 1.765140445551545054e+04 5.824871110148019740e-04
1.294683485141586843e+01 1.708496364961923246e+04 6.114840396572381346e-04
1.280901035188594328e+01 1.657284400365727561e+04 6.396674641453947664e-04
1.268017755701035654e+01 1.610701061053046578e+04 6.670842534723593923e-04
1.255932676359170230e+01 1.568098024792437536e+04 6.937785090015492805e-04
1.244560662132613160e+01 1.528946011106830520e+04 7.197914307021560220e-04
1.233829251204414845e+01 1.492808338041718343e+04 7.451613348568238452e-04
1.223676255262727075e+01 1.459321261226670504e+04 7.699237600837153086e-04
1.214047908201216686e+01 1.428179146086358378e+04 7.941116214034603859e-04
1.204897417212041510e+01 1.399123138880172883e+04 8.177553869805934909e-04
1.196183814345986818e+01 1.371932407362433332e+04 8.408832618366547402e-04
1.187871035936438879e+01 1.346417293743198752e+04 8.635213690774600154e-04
1.179927177224321433e+01 1.322413908210750014e+04 8.856939231874388268e-04
1.172323883359717556e+01 1.299779819929280166e+04 9.074233924970485097e-04
1.165035847738226948e+01 1.278390592901732089e+04 9.287306495339479016e-04
1.158040395660918520e+01 1.258136978566670041e+04 9.496351089576983298e-04
1.151317136437047139e+01 1.238922623520707566e+04 9.701548533686885209e-04
1.144847670843632592e+01 1.220662184713156057e+04 9.903067476171355590e-04
1.138615343698178428e+01 1.203279769509723155e+04 1.010106542410215682e-03
1.132605033453888765e+01 1.186707636689762512e+04 1.029568968085358858e-03
1.126802972374447265e+01 1.170885108484363991e+04 1.048707819425059775e-03
1.121196592118703173e+01 1.155757654421211555e+04 1.067536032358795337e-03
1.115774390558021700e+01 1.141276115899241631e+04 1.086065753347143555e-03
1.110525816428901535e+01 1.127396046708789800e+04 1.104308402182837840e-03
1.105441169040776117e+01 1.114077149603416547e+04 1.122274728879417687e-03
1.100511510751179678e+01 1.101282792857108507e+04 1.139974865254640051e-03
1.095728590315411743e+01 1.088979593756536269e+04 1.157418371755148919e-03
1.091084775536625529e+01 1.077137058369292208e+04 1.174614280012287269e-03
1.086572993901326534e+01 1.065727268836773328e+04 1.191571131566978659e-03
1.082186680096543618e+01 1.054724610970807043e+04 1.208297013154505800e-03
1.077919729478409216e+01 1.044105536167796345e+04 1.224799588897642396e-03
1.073766456704863614e+01 1.033848352655117014e+04 1.241086129718350179e-03
1.069721558863902011e+01 1.023933041900894932e+04 1.257163540244932718e-03
1.065780082526928574e+01 1.014341096685501725e+04 1.273038383460818211e-03
1.061937394239448373e+01 1.005055377883195797e+04 1.288716903314798693e-03
1.058189154030199930e+01 9.960599874559149612e+03 1.304205045488778664e-03
1.054531291578053143e+01 9.873401555376931356e+03 1.319508476498083231e-03
1.050959984725036733e+01 9.788821398018946638e+03 1.334632601280777865e-03
1.047471640065440646e+01 9.706731355651792910e+03 1.349582579415934498e-03
1.044062875376586952e+01 9.627011953025536059e+03 1.364363340096386330e-03
1.040730503686758013e+01 9.549551564325376603e+03 1.378979595968317460e-03
1.037471518801843118e+01 9.474245763881095627e+03 1.393435855938651279e-03
1.034283082134408538e+01 9.400996741216951705e+03 1.407736437041052580e-03
1.031162510697983059e+01 9.329712773051547629e+03 1.421885475442226290e-03
1.028107266145853949e+01 9.260307745817923205e+03 1.435886936662147733e-03
1.025114944747980239e+01 9.192700723097528680e+03 1.449744625074666712e-03
1.022183268211909279e+01 9.126815553065425775e+03 1.463462192748488403e-03
1.019310075264483473e+01 9.062580511651854977e+03 1.477043147682932656e-03
1.016493313920398300e+01 8.999927977646766522e+03 1.490490861487512968e-03
1.013731034371932616e+01 8.938794136427219200e+03 1.503808576550066511e-03
1.011021382441322558e+01 8.879118709377909909e+03 1.516999412733878753e-03
1.008362593543595942e+01 8.820844706416341069e+03 1.530066373640666649e-03
1.005752987113140229e+01 8.763918199329275012e+03 1.543012352472835714e-03
1.003190961452266272e+01 8.708288113886266729e+03 1.555840137525700204e-03
1.000674988964233769e+01 8.653906038921173604e+03 1.568552417337376863e-03
9.982036117370755690e+00 8.600726050771076189e+03 1.581151785521865477e-03
9.957754374479282689e+00 8.548704551635475582e+03 1.593640745308565849e-03
9.933891355605503293e+00 8.497800120571368097e+03 1.606021713809558348e-03
9.910434337913693881e+00 8.447973375974424926e+03 1.618297026034030061e-03
9.887371148218001338e+00 8.399186848516112150e+03 1.630468938667929343e-03
9.864690132366956021e+00 8.351404863610430766e+03 1.642539633635112413e-03
9.842380126706057553e+00 8.304593432578518332e+03 1.654511221455180802e-03
9.820430431453100795e+00 8.258720151761172019e+03 1.666385744411838423e-03
9.798830785835454193e+00 8.213754108902776352e+03 1.678165179544630157e-03
9.777571344852173496e+00 8.169665796196711199e+03 1.689851441475799087e-03
9.756642657536286123e+00 8.126427029439068065e+03 1.701446385083152119e-03
9.736035646603047766e+00 8.084010872791143811e+03 1.712951808029036359e-03
9.715741589380783694e+00 8.042391568696490140e+03 1.724369453154644570e-03
9.695752099928643730e+00 8.001544472541272626e+03 1.735701010748268245e-03
9.676059112255034123e+00 7.961445991683204738e+03 1.746948120695489314e-03
9.656654864556152518e+00 7.922073528508683921e+03 1.758112374518640969e-03
9.637531884402795512e+00 7.883405427207173489e+03 1.769195317312391956e-03
9.618682974807184038e+00 7.845420923980473162e+03 1.780198449581819236e-03
9.600101201109184856e+00 7.808100100427429425e+03 1.791123228988833471e-03
9.581779878624544722e+00 7.771423839868180039e+03 1.801971072012489806e-03
9.563712561003502088e+00 7.735373786391611247e+03 1.812743355528216365e-03
9.545893029251312001e+00 7.699932306427498588e+03 1.823441418310822910e-03
9.528315281366706913e+00 7.665082452661887146e+03 1.834066562465557068e-03
9.510973522557009119e+00 7.630807930128748922e+03 1.844620054791523255e-03
9.493862155992420782e+00 7.597093064324685656e+03 1.855103128081129777e-03
9.476975774064150926e+00 7.563922771205614481e+03 1.865516982359335160e-03
9.460309150114463606e+00 7.531282528935801565e+03 1.875862786065926819e-03
9.443857230608234232e+00 7.499158351269595187e+03 1.886141677184016794e-03
9.427615127718526722e+00 7.467536762455651115e+03 1.896354764317751936e-03
9.411578112300169607e+00 7.436404773561766888e+03 1.906503127721879661e-03
9.395741607227607872e+00 7.405749860126657950e+03 1.916587820285867204e-03
