0.000000000000000000e+00 0.000000000000000000e+00 0.000000000000000000e+00
2.173292098515101411e+00 1.504320124616605483e+02 8.516095341054567185e-04
1.933073816129623701e+00 1.057208956644359006e+02 9.392929379862783755e-04
1.818259292898801949e+00 8.626445658475499556e+01 1.220826672430669248e-03
1.742330661140519821e+00 7.495477605930342690e+01 1.499377523581529132e-03
1.685555754183981181e+00 6.739653375429035975e+01 1.763876085573855236e-03
1.640332564306846264e+00 6.190783115307652906e+01 2.012057330254149803e-03
1.602885884458017163e+00 5.769680400964745814e+01 2.244479239296267442e-03
1.571042292543597618e+00 5.433755230765660826e+01 2.462559763468830272e-03
1.543427295899288509e+00 5.157871233849173365e+01 2.667860560699390326e-03
