0.000000000000000000e+00 0.000000000000000000e+00 0.000000000000000000e+00
5.910798057806654349e+00 1.571745995608268004e+03 5.838156749246115398e-04
5.504727997826171837e+00 1.309763793883787685e+03 5.559789528114773361e-04
5.231177053494207030e+00 1.132647246480118838e+03 6.406365804281652582e-04
5.031277634918183139e+00 1.006543944099779765e+03 7.556795366225486834e-04
4.875563640325887071e+00 9.125652534496082353e+02 8.762879183508332122e-04
4.748446194413078025e+00 8.398018461185168917e+02 9.960019051479993522e-04
4.641122387439655661e+00 7.816804629505990079e+02 1.112999947317357087e-03
4.548280753539494015e+00 7.340625199816981876e+02 1.226715942411267914e-03
4.466512233819375233e+00 6.942318231748495236e+02 1.336994160520457589e-03
